0.000000000	0.000000000
0.000034108	0.001528467
0.000081006	0.002989039
0.000148615	0.004757201
0.000218462	0.006372203
0.000288864	0.007865255
0.000367862	0.009427381
0.000452267	0.010997119
0.000537911	0.012507899
0.000637713	0.014184739
0.000733057	0.015717256
0.000840824	0.017381159
0.000936835	0.018811230
0.001042392	0.020334039
0.001158281	0.021953519
0.001285339	0.023673615
0.001388442	0.025031413
0.001517848	0.026692415
0.001637000	0.028183246
0.001764228	0.029738085
0.001899977	0.031358570
0.002044713	0.033046325
0.002172506	0.034504972
0.002307160	0.036012347
0.002448971	0.037569359
0.002598246	0.039176904
0.002755300	0.040835866
0.002886729	0.042200302
0.003058607	0.043953985
0.003202327	0.045395278
0.003370915	0.047058609
0.003527072	0.048574445
0.003689370	0.050125996
0.003857999	0.051713659
0.004033154	0.053337820
0.004215031	0.054998859
0.004355936	0.056268748
0.004550063	0.057995197
0.004725871	0.059536700
0.004907397	0.061107417
0.005094784	0.062707569
0.005260157	0.064102547
0.005458817	0.065757928
0.005634071	0.067200544
0.005844520	0.068911851
0.006030103	0.070402683
0.006220607	0.071915950
0.006416131	0.073451765
0.006616775	0.075010233
0.006822641	0.076591457
0.007033829	0.078195534
0.007250445	0.079822558
0.007472591	0.081472619
0.007661990	0.082865157
0.007894550	0.084557664
0.008092775	0.085985680
0.008295112	0.087429889
0.008543461	0.089184585
0.008755065	0.090664557
0.008970983	0.092160840
0.009191279	0.093673465
0.009416018	0.095202462
0.009645266	0.096747859
0.009879088	0.098309680
0.010117550	0.099887947
0.010360718	0.101482680
0.010608660	0.103093897
0.010861443	0.104721611
0.011067174	0.106035509
0.011328839	0.107692948
0.011595534	0.109366914
0.011812532	0.110717823
0.012088455	0.112421546
0.012312924	0.113796261
0.012598298	0.115529744
0.012830417	0.116928260
0.013095702	0.118514326
0.013335212	0.119935306
0.013639611	0.121726603
0.013887125	0.123171341
0.014138255	0.124626626
0.014393038	0.126092448
0.014684097	0.127754183
0.014946762	0.129242363
0.015213193	0.130741046
0.015483428	0.132250219
0.015757504	0.133769865
0.016035456	0.135299972
0.016317323	0.136840520
0.016603140	0.138391494
0.016892946	0.139952873
0.017186777	0.141524639
0.017484671	0.143106769
0.017786665	0.144699243
0.018092795	0.146302037
0.018364066	0.147712842
0.018678055	0.149334919
0.018956258	0.150762556
0.019278236	0.152403824
0.019563487	0.153848210
0.019893585	0.155508570
0.020185999	0.156969614
0.020481794	0.158438400
0.020824041	0.160126567
0.021083637	0.161399134
0.021433762	0.163104867
0.021743837	0.164605489
0.022057422	0.166113734
0.022374544	0.167629578
0.022695227	0.169152996
0.023019496	0.170683962
0.023347376	0.172222449
0.023678892	0.173768431
0.024014070	0.175321879
0.024304280	0.176659245
0.024695514	0.178451088
0.024992104	0.179801133
0.025341637	0.181383109
0.025644227	0.182744836
0.026000803	0.184340387
0.026361207	0.185943202
0.026673171	0.187322718
0.027040749	0.188938938
0.027412226	0.190562330
0.027733736	0.191959404
0.028112518	0.193596022
0.028440325	0.195004381
0.028771063	0.196417914
0.029160672	0.198073644
0.029497812	0.199498306
0.029894933	0.201166959
0.030238547	0.202602642
0.030585173	0.204043373
0.030993421	0.205730678
0.031346624	0.207182265
0.031702887	0.208638822
0.032062224	0.210100325
0.032424651	0.211566747
0.032851432	0.213283863
0.033220604	0.214760857
0.033592911	0.216242689
0.033968370	0.217729332
0.034346994	0.219220758
0.034728799	0.220716942
0.035113799	0.222217854
0.035502007	0.223723469
0.035893440	0.225233757
0.036288110	0.226748690
0.036686033	0.228268240
0.037087223	0.229792378
0.037491693	0.231321075
0.037899458	0.232854303
0.038310532	0.234392030
0.038724930	0.235934228
0.039142664	0.237480866
0.039493313	0.238773022
0.039917200	0.240327722
0.040344463	0.241886776
0.040775115	0.243450153
0.041136569	0.244756167
0.041573471	0.246327388
0.042013800	0.247902843
0.042457570	0.249482501
0.042829994	0.250801988
0.043280107	0.252389266
0.043657834	0.253715058
0.044114333	0.255309847
0.044574335	0.256908687
0.044960330	0.258244042
0.045426785	0.259850222
0.045818176	0.261191646
0.046291127	0.262805053
0.046767640	0.264422355
0.047167438	0.265772974
0.047650512	0.267397326
0.048055795	0.268753773
0.048545471	0.270385061
0.048956272	0.271747238
0.049369593	0.273111987
0.049868944	0.274753154
0.050287832	0.276123491
0.050793884	0.277771304
0.051218372	0.279147130
0.051731163	0.280801470
0.052161283	0.282182685
0.052593974	0.283566315
0.053116637	0.285229933
0.053555006	0.286618805
0.053995966	0.288010025
0.054528580	0.289682662
0.054975263	0.291078975
0.055424557	0.292477569
0.055876468	0.293878421
0.056422259	0.295562498
0.056879950	0.296968245
0.057340278	0.298376182
0.057803249	0.299786287
0.058362345	0.301481347
0.058831150	0.302896146
0.059302617	0.304313042
0.059776750	0.305732015
0.060253557	0.307153042
0.060829295	0.308861060
0.061312000	0.310286528
0.061797396	0.311713980
0.062285487	0.313143392
0.062776278	0.314574743
0.063269776	0.316008010
0.063865589	0.317730533
0.064365059	0.319167936
0.064867251	0.320607183
0.065372171	0.322048251
0.065879822	0.323491118
0.066390211	0.324935761
0.066903342	0.326382157
0.067419220	0.327830283
0.067937849	0.329280117
0.068459234	0.330731635
0.068983380	0.332184815
0.069510290	0.333639633
0.070039970	0.335096066
0.070572423	0.336554092
0.071107655	0.338013688
0.071645668	0.339474829
0.072186468	0.340937494
0.072730059	0.342401658
0.073276443	0.343867299
0.073825626	0.345334394
0.074377611	0.346802918
0.074932401	0.348272849
0.075490001	0.349744164
0.076050415	0.351216838
0.076613645	0.352690849
0.077179695	0.354166173
0.077748569	0.355642787
0.078320270	0.357120668
0.078779641	0.358303796
0.079356438	0.359783896
0.079936072	0.361265197
0.080518545	0.362747675
0.081103860	0.364231306
0.081692020	0.365716067
0.082283028	0.367201935
0.082876886	0.368688885
0.083353998	0.369879137
0.083952994	0.371367976
0.084554848	0.372857833
0.085159563	0.374348683
0.085767140	0.375840502
0.086377583	0.377333267
0.086867971	0.378528071
0.087483577	0.380022479
0.088102054	0.381517767
0.088723405	0.383013911
0.089347631	0.384510887
0.089849052	0.385708979
0.090478458	0.387207395
0.091110745	0.388706577
0.091745914	0.390206501
0.092256094	0.391406887
0.092896455	0.392908090
0.093539702	0.394409969
0.094185837	0.395912501
0.094704793	0.397114908
0.095356129	0.398618557
0.096010356	0.400122794
0.096667476	0.401627594
0.097195222	0.402831751
0.097857551	0.404337506
0.098522774	0.405843760
0.099190892	0.407350489
0.099727440	0.408556124
0.100400772	0.410063648
0.101077002	0.411571580
0.101620039	0.412778132
0.102301485	0.414286742
0.102985830	0.415795696
0.103535359	0.417003017
0.104224921	0.418512531
0.104917383	0.420022324
0.105543057	0.421381314
0.106241026	0.422891572
0.106801454	0.424099858
0.107504641	0.425610479
0.108210726	0.427121270
0.108777645	0.428329936
0.109488946	0.429840974
0.110203143	0.431352118
0.110776552	0.432561019
0.111495962	0.434072294
0.112218267	0.435583610
0.112798160	0.436792603
0.113525674	0.438303935
0.114182890	0.439664074
0.114915899	0.441175343
0.115504351	0.442384238
0.116242562	0.443895371
0.116909401	0.445255260
0.117653098	0.446766171
0.118250096	0.447974719
0.118998986	0.449485345
0.119600136	0.450693636
0.120354212	0.452203903
0.121111169	0.453713939
0.121718768	0.454921714
0.122480903	0.456431279
0.123092643	0.457638648
0.123859949	0.459147671
0.124630125	0.460656360
0.125248294	0.461862984
0.126023631	0.463371019
0.126645926	0.464577091
0.127426416	0.466084400
0.128131281	0.467440567
0.128917202	0.468947034
0.129547956	0.470151793
0.130339013	0.471657389
0.130973871	0.472861423
0.131770055	0.474366078
0.132489030	0.475719754
0.133210306	0.477072966
0.134014446	0.478576019
0.134659759	0.479777947
0.135468999	0.481279881
0.136118389	0.482480887
0.136932719	0.483981634
0.137586176	0.485181663
0.138405585	0.486681154
0.139145439	0.488030033
0.139970196	0.489528125
0.140631984	0.490725974
0.141461795	0.492222671
0.142127621	0.493419377
0.142962474	0.494914612
0.143632327	0.496110121
0.144472207	0.497603827
0.145146076	0.498798087
0.145990970	0.500290197
0.146668845	0.501483155
0.147518738	0.502973604
0.148285989	0.504314155
0.149055480	0.505653920
0.149913121	0.507141655
0.150601178	0.508331047
0.151463781	0.509816955
0.152155800	0.511004858
0.153023347	0.512488875
0.153719316	0.513675240
0.154591792	0.515157300
0.155291697	0.516342076
0.156169084	0.517822118
0.156872911	0.519005253
0.157755194	0.520483214
0.158462929	0.521664659
0.159350088	0.523140476
0.160061717	0.524320182
0.160953734	0.525793793
0.161669242	0.526971710
0.162566099	0.528443054
0.163375538	0.529766124
0.164187143	0.531088140
0.165000911	0.532409087
0.165816836	0.533728952
0.166634915	0.535047721
0.167546439	0.536511764
0.168277519	0.537681928
0.169193802	0.539143461
0.169928681	0.540311593
0.170849702	0.541770557
0.171588363	0.542936611
0.172514101	0.544392947
0.173256526	0.545556876
0.174186958	0.547010527
0.174933129	0.548172286
0.175868234	0.549623195
0.176618134	0.550782738
0.177557889	0.552230848
0.178311499	0.553388129
0.179255880	0.554833385
0.180013182	0.555988361
0.180962165	0.557430707
0.181723139	0.558583333
0.182676701	0.560022714
0.183441328	0.561172946
0.184399445	0.562609308
0.185167705	0.563757104
0.186130351	0.565190392
0.186902224	0.566335709
0.187869374	0.567765872
0.188644840	0.568908666
0.189616468	0.570335650
0.190395506	0.571475881
0.191371586	0.572899635
0.192154175	0.574037261
0.193134680	0.575457732
0.194019200	0.576734540
0.194905697	0.578009842
0.195794163	0.579283627
0.196684592	0.580555883
0.197576979	0.581826599
0.198471317	0.583095765
0.199467336	0.584504159
0.200265826	0.585629407
0.201266145	0.587034293
0.202068063	0.588156715
0.203072653	0.589558044
0.203877975	0.590677601
0.204886807	0.592075326
0.205695511	0.593191981
0.206708554	0.594586054
0.207520616	0.595699770
0.208537842	0.597090145
0.209353237	0.598200884
0.210374615	0.599587516
0.211193319	0.600695243
0.212218818	0.602078086
0.213040807	0.603182765
0.214070397	0.604561775
0.214998931	0.605801010
0.215929288	0.607038494
0.216861460	0.608274220
0.217899360	0.609645214
0.218731229	0.610740360
0.219773122	0.612107390
0.220608173	0.613199348
0.221654027	0.614562370
0.222492234	0.615651105
0.223542016	0.617010079
0.224383352	0.618095560
0.225437030	0.619450444
0.226281469	0.620532638
0.227339008	0.621883393
0.228292587	0.623097060
0.229354167	0.624443413
0.230204899	0.625518750
0.231270270	0.626860893
0.232124022	0.627932847
0.233193152	0.629270743
0.234049896	0.630339283
0.235122749	0.631672893
0.236090043	0.632871056
0.237058992	0.634067269
0.238137566	0.635394139
0.239001830	0.636453822
0.240084038	0.637776312
0.240951193	0.638832478
0.242036998	0.640150554
0.242907017	0.641203175
0.243996383	0.642516802
0.245087712	0.643827942
0.245962127	0.644874993
0.247056960	0.646181632
0.247934164	0.647225068
0.249032465	0.648527171
0.249912429	0.649566966
0.251014160	0.650864502
0.252117782	0.652159485
0.253001978	0.653193566
0.254108972	0.654483932
0.254995851	0.655514306
0.256106179	0.656800025
0.257218344	0.658083147
0.258109336	0.659107708
0.259224776	0.660386136
0.260118373	0.661406929
0.261237051	0.662680632
0.262357510	0.663951698
0.263255097	0.664966583
0.264378734	0.666232880
0.265278847	0.667243940
0.266405621	0.668505439
0.267534122	0.669764262
0.268438102	0.670769326
0.269569679	0.672023310
0.270589515	0.673149553
0.271724297	0.674398400
0.272633270	0.675395463
0.273771048	0.676639418
0.274796425	0.677756610
0.275937321	0.678995374
0.276851151	0.679984350
0.277994960	0.681218170
0.279140369	0.682449234
0.280057785	0.683432035
0.281206044	0.684658119
0.282240785	0.685759186
0.283392009	0.686979989
0.284314042	0.687954563
0.285468032	0.689170338
0.286623540	0.690383312
0.287548975	0.691351611
0.288707186	0.692559525
0.289866879	0.693764619
0.290795637	0.694726601
0.291957968	0.695926603
0.293121747	0.697123768
0.294053746	0.698079394
0.295220098	0.699271437
0.296387861	0.700460625
0.297323021	0.701409859
0.298493291	0.702593896
0.299664937	0.703775063
0.300603177	0.704717869
0.301777264	0.705893857
0.302952690	0.707066959
0.304011674	0.708120249
0.305189607	0.709287856
0.306132833	0.710219797
0.307313097	0.711382181
0.308494638	0.712541657
0.309677442	0.713698220
0.310624529	0.714621313
0.311809575	0.715772620
0.312995847	0.716921001
0.314064497	0.717952008
0.315253063	0.719094818
0.316204714	0.720006895
0.317395409	0.721144413
0.318587269	0.722278985
0.319780279	0.723410608
0.320735448	0.724313725
0.321930496	0.725440029
0.323126657	0.726563373
0.324323919	0.727683753
0.325402350	0.728689527
0.326601664	0.729804267
0.327802040	0.730916033
0.328763036	0.731803249
0.329965288	0.732909654
0.331168562	0.734013077
0.332372847	0.735113515
0.333336934	0.735991661
0.334543002	0.737086718
0.335750043	0.738178782
0.336958042	0.739267850
0.338166987	0.740353920
0.339134755	0.741220563
0.340345366	0.742301229
0.341556885	0.743378891
0.342769297	0.744453546
0.343982590	0.745525191
0.345196748	0.746593825
0.346168631	0.747446510
0.347384316	0.748509719
0.348600829	0.749569911
0.349818157	0.750627084
0.351036286	0.751681238
0.352255204	0.752732370
0.353230836	0.753571048
0.354451137	0.754616737
0.355672188	0.755659402
0.356893975	0.756699039
0.358116484	0.757735649
0.359339703	0.758769229
0.360563617	0.759799780
0.361788213	0.760827300
0.362768311	0.761647084
0.363994100	0.762669146
0.365220532	0.763688176
0.366447595	0.764704172
0.367675275	0.765717134
0.368903557	0.766727062
0.370132429	0.767733954
0.371361876	0.768737812
0.372591887	0.769738634
0.373822445	0.770736420
0.375053540	0.771731171
0.376038731	0.772524737
0.377270754	0.773514024
0.378503275	0.774500275
0.379736280	0.775483491
0.380969754	0.776463672
0.382203686	0.777440819
0.383438061	0.778414931
0.384672866	0.779386010
0.385908087	0.780354056
0.387143711	0.781319069
0.388379724	0.782281051
0.389616113	0.783240001
0.390852865	0.784195922
0.392089966	0.785148814
0.393327402	0.786098677
0.394565161	0.787045514
0.395803229	0.787989324
0.397041592	0.788930110
0.398280238	0.789867873
0.399519152	0.790802613
0.400758322	0.791734333
0.401997734	0.792663034
0.403237375	0.793588717
0.404477232	0.794511384
0.405717291	0.795431037
0.406957539	0.796347677
0.408446159	0.797443738
0.409686777	0.798353756
0.410927541	0.799260768
0.412168440	0.800164776
0.413409458	0.801065781
0.414650585	0.801963785
0.415891805	0.802858791
0.417133107	0.803750802
0.418374477	0.804639818
0.419615903	0.805525844
0.421105758	0.806585193
0.422347259	0.807464646
0.423588773	0.808341116
0.424830288	0.809214605
0.426071790	0.810085116
0.427313267	0.810952652
0.428554706	0.811817215
0.430044456	0.812850834
0.431285765	0.813708868
0.432526996	0.814563938
0.433768134	0.815416049
0.435009168	0.816265202
0.436498344	0.817280349
0.437739102	0.818123007
0.438979716	0.818962719
0.440220171	0.819799487
0.441460455	0.820633315
0.442948645	0.821630093
0.444188510	0.822457464
0.445428164	0.823281907
0.446667595	0.824103423
0.448154690	0.825085447
0.449393586	0.825900540
0.450632219	0.826712719
0.451870576	0.827521988
0.453356314	0.828489334
0.454594022	0.829292215
0.455831415	0.830092198
0.457315944	0.831048416
0.458552601	0.831842038
0.459788905	0.832632775
0.461272075	0.833577915
0.462507557	0.834362321
0.463742647	0.835143854
0.465224310	0.836077968
0.466458493	0.836853199
0.467692246	0.837625573
0.469172254	0.838548712
0.470405016	0.839314815
0.471637310	0.840078074
0.473115517	0.840990293
0.474346737	0.841747313
0.475823622	0.842652058
0.477053712	0.843402860
0.478283270	0.844150844
0.479758110	0.845044766
0.480986456	0.845786566
0.482459809	0.846673080
0.483686887	0.847408719
0.485158685	0.848287854
0.486384440	0.849017357
0.487854617	0.849889142
0.489078994	0.850612532
0.490547484	0.851476997
0.491770428	0.852194299
0.493237167	0.853051472
0.494458624	0.853762710
0.495923546	0.854612622
0.497143463	0.855317823
0.498606504	0.856160505
0.499824827	0.856859694
0.501285923	0.857695176
0.502502599	0.858388378
0.503961688	0.859216692
0.505419655	0.860041109
0.506633683	0.860725112
0.508089546	0.861542410
0.509301794	0.862220494
0.510755491	0.863030706
0.512207980	0.863837065
0.513417378	0.864506056
0.514867607	0.865305380
0.516316577	0.866100880
0.517523004	0.866760842
0.518969620	0.867549358
0.520414927	0.868334078
0.521618264	0.868985079
0.523061125	0.869762867
0.524502628	0.870536889
0.525702757	0.871178997
0.527141724	0.871946139
0.528579284	0.872709544
0.530015418	0.873469221
0.531450111	0.874225181
0.532644502	0.874852279
0.534076508	0.875601452
0.535507024	0.876346939
0.536936035	0.877088749
0.538363523	0.877826893
0.539551848	0.878439183
0.540976502	0.879170635
0.542399587	0.879898451
0.543821087	0.880622642
0.545240986	0.881343220
0.546659267	0.882060194
0.548075916	0.882773577
0.549490915	0.883483378
0.550668739	0.884072116
0.552080675	0.884775380
0.553490919	0.885475095
0.554899454	0.886171271
0.556306265	0.886863919
0.557711338	0.887553050
0.559114656	0.888238676
0.560516206	0.888920807
0.561915972	0.889599456
0.563313939	0.890274632
0.564710093	0.890946349
0.566104419	0.891614615
0.567496903	0.892279444
0.568887530	0.892940847
0.570276286	0.893598834
0.571663157	0.894253417
0.573278869	0.895012857
0.574661607	0.895660104
0.576042415	0.896303984
0.577421280	0.896944507
0.578798188	0.897581687
0.580173126	0.898215533
0.581774809	0.898950867
0.583145431	0.899577531
0.584514040	0.900200898
0.585880624	0.900820981
0.587245169	0.901437790
0.588834641	0.902153323
0.590194724	0.902763079
0.591552727	0.903369600
0.593134517	0.904073175
0.594487972	0.904672723
0.595839308	0.905269072
0.597413269	0.905960826
0.598759973	0.906550283
0.600104519	0.907136577
0.601670509	0.907816647
0.603010340	0.908396130
0.604347976	0.908972487
0.605905857	0.909641011
0.607238698	0.910210637
0.608790954	0.910871340
0.610118946	0.911434290
0.611665514	0.912087236
0.612988606	0.912643566
0.614529426	0.913288820
0.615847565	0.913838585
0.617382578	0.914476211
0.618914439	0.915109756
0.620224862	0.915649528
0.621750828	0.916275545
0.623056173	0.916808893
0.624576186	0.917427446
0.626092972	0.918042007
0.627390413	0.918565578
0.628901162	0.919172774
0.630408639	0.919776032
0.631912829	0.920375369
0.633199427	0.920885949
0.634697472	0.921478055
0.636192187	0.922066294
0.637683558	0.922650685
0.638959125	0.923148513
0.640656235	0.923808007
0.641926011	0.924299315
0.643404351	0.924869037
0.644879279	0.925435001
0.646350782	0.925997225
0.647818847	0.926555729
0.649283461	0.927110530
0.650744610	0.927661647
0.652202283	0.928209099
0.653656468	0.928752903
0.655107150	0.929293079
0.656554320	0.929829645
0.657997965	0.930362619
0.659643613	0.930967395
0.660874657	0.931417874
0.662512180	0.932014547
0.663941098	0.932532835
0.665366433	0.933047625
0.666788173	0.933558936
0.668408705	0.934139089
0.669822709	0.934643004
0.671233086	0.935143497
0.672840591	0.935711355
0.674042946	0.936134295
0.675642103	0.936694435
0.677236470	0.937250202
0.678627516	0.937732902
0.680212866	0.938280541
0.681596002	0.938756170
0.682975432	0.939228527
0.684547472	0.939764414
0.686114649	0.940296077
0.687481846	0.940757809
0.689039871	0.941281623
0.690399042	0.941736528
0.691947875	0.942252585
0.693491789	0.942764543
0.694838589	0.943209136
0.696373252	0.943713477
0.697902967	0.944213794
0.699427722	0.944710111
0.700757727	0.945141102
0.702273160	0.945629991
0.703783607	0.946114954
0.705289059	0.946596017
0.706789508	0.947073205
0.708284946	0.947546544
0.709775364	0.948016060
0.711260755	0.948481776
0.712741112	0.948943718
0.714216426	0.949401912
0.715686692	0.949856382
0.717151902	0.950307152
0.718612050	0.950754248
0.720067130	0.951197694
0.721517136	0.951637514
0.722962063	0.952073734
0.724581625	0.952560236
0.726015740	0.952988884
0.727444759	0.953414006
0.729046406	0.953888114
0.730464582	0.954305824
0.732054019	0.954771654
0.733461334	0.955182060
0.735038542	0.955639732
0.736434979	0.956042941
0.738173532	0.956542304
0.739558437	0.956938007
0.740938212	0.957330412
0.742655924	0.957816374
0.744024150	0.958201442
0.745557359	0.958630818
0.746914670	0.959009064
0.748604288	0.959477465
0.749950035	0.959848598
0.751625194	0.960308178
0.752959374	0.960672312
0.754620072	0.961123212
0.755942684	0.961480459
0.757588920	0.961922819
0.759227123	0.962360494
0.760531744	0.962707248
0.762155492	0.963136597
0.763771213	0.963561380
0.765057855	0.963897905
0.766659136	0.964314572
0.768252398	0.964726788
0.769521083	0.965053344
0.771099926	0.965457653
0.772670765	0.965857624
0.774233605	0.966253298
0.775788453	0.966644715
0.777335315	0.967031916
0.778874199	0.967414938
0.780405112	0.967793822
0.781623961	0.968093940
0.783140548	0.968465473
0.784950184	0.968906049
0.786449298	0.969268765
0.787940487	0.969627535
0.789423760	0.969982395
0.790899127	0.970333384
0.792366601	0.970680538
0.793826191	0.971023894
0.795567524	0.971431009
0.797009813	0.971766137
0.798444260	0.972097584
0.799870876	0.972425384
0.801572705	0.972814028
0.802982141	0.973133931
0.804663393	0.973513199
0.806055718	0.973825372
0.807716478	0.974195464
0.809091765	0.974500074
0.810732123	0.974861188
0.812090449	0.975158399
0.813710498	0.975510728
0.815319510	0.975858347
0.816917516	0.976201311
0.818240640	0.976483565
0.819818547	0.976818141
0.821385536	0.977148219
0.822941639	0.977473853
0.824486889	0.977795098
0.826021319	0.978112006
0.827544964	0.978424631
0.829057858	0.978733023
0.830560036	0.979037237
0.832051534	0.979337321
0.833532389	0.979633328
0.835002637	0.979925307
0.836704778	0.980260965
0.838152172	0.980544386
0.839827751	0.980870194
0.841252472	0.981145286
0.842666790	0.981416610
0.844303934	0.981728492
0.845927034	0.982035382
0.847306966	0.982294480
0.848904159	0.982592292
0.850487496	0.982885317
0.852057043	0.983173626
0.853612868	0.983457290
0.855155040	0.983736376
0.856683626	0.984010952
0.858198697	0.984281087
0.859700322	0.984546845
0.861400299	0.984845330
0.862663571	0.985065502
0.864333230	0.985354364
0.865985709	0.985637855
0.867417448	0.985881547
0.869038013	0.986155217
0.870641714	0.986423779
0.872228662	0.986687322
0.873603419	0.986913845
0.875159258	0.987168211
0.876698666	0.987417804
0.878221756	0.987662708
0.879728643	0.987903006
0.881219441	0.988138779
0.882877702	0.988398744
0.884334689	0.988625162
0.886134256	0.988902241
0.887556011	0.989119134
0.888962299	0.989331915
0.890699007	0.989592284
0.892070916	0.989796080
0.893765009	0.990045440
0.895435746	0.990288875
0.896755353	0.990479399
0.898384633	0.990712502
0.899991201	0.990940045
0.901575287	0.991162152
0.903137122	0.991378949
0.904676936	0.991590554
0.906194960	0.991797086
0.907691423	0.991998661
0.909166555	0.992195391
0.910909304	0.992425285
0.912338311	0.992611745
0.914026359	0.992829621
0.915410347	0.993006321
0.917045020	0.993212781
0.918651132	0.993413256
0.920229073	0.993607913
0.921779232	0.993796914
0.923301995	0.993980416
0.924797747	0.994158574
0.926266871	0.994331537
0.927948109	0.994527003
0.929360834	0.994689204
0.931205866	0.994898214
0.932559818	0.995049547
0.934327796	0.995244537
0.935624988	0.995385707
0.937318574	0.995567588
0.938970820	0.995742364
0.940382946	0.995889642
0.941959956	0.996051818
0.943498029	0.996207638
0.944997981	0.996357346
0.946821419	0.996536327
0.948238507	0.996673121
0.949790663	0.996820626
0.951464238	0.996976922
0.953085064	0.997125549
0.954344113	0.997239124
0.956174549	0.997401284
0.957645731	0.997529053
0.959069811	0.997650530
0.960719217	0.997788494
0.962304933	0.997918330
0.963829171	0.998040512
0.965533431	0.998174041
0.966931738	0.998281133
0.968712850	0.998414274
0.970194108	0.998522164
0.971804426	0.998636480
0.973329920	0.998741862
0.974774743	0.998839008
0.976474989	0.998949935
0.978062587	0.999050121
0.979544571	0.999140607
0.981194444	0.999237795
0.982712346	0.999323804
0.984331392	0.999411817
0.985998782	0.999498269
0.987488426	0.999571746
0.989131461	0.999648452
0.990556768	0.999711089
0.992022125	0.999771439
0.993628391	0.999832479
0.995185554	0.999885978
0.996924058	0.999938025
0.998418771	0.999974670
1.000000000	1.000000000