0.000000000	0.000000000
0.000034108	0.001556498
0.000081006	0.003034314
0.000139079	0.004582577
0.000204935	0.006143596
0.000279972	0.007765658
0.000356811	0.009307033
0.000452043	0.011094540
0.000537649	0.012611803
0.000637409	0.014294995
0.000732713	0.015832638
0.000817790	0.017156169
0.000936408	0.018935261
0.001041922	0.020461600
0.001157766	0.022084366
0.001268230	0.023586084
0.001387830	0.025167207
0.001498057	0.026587284
0.001636293	0.028322792
0.001763473	0.029879011
0.001899172	0.031500630
0.002019067	0.032902750
0.002171602	0.034648419
0.002306207	0.036156104
0.002447968	0.037713212
0.002597190	0.039320630
0.002722121	0.040643048
0.002885573	0.042343204
0.003039805	0.043918201
0.003182769	0.045354350
0.003369595	0.047198727
0.003525699	0.048713357
0.003687943	0.050263520
0.003856517	0.051849606
0.004009345	0.053267025
0.004190311	0.054921488
0.004354287	0.056399299
0.004548352	0.058123423
0.004698631	0.059440884
0.004905579	0.061231121
0.005065762	0.062598537
0.005258229	0.064221406
0.005428055	0.065635859
0.005632028	0.067313962
0.005811938	0.068776045
0.006027940	0.070510050
0.006218387	0.072020314
0.006413853	0.073552989
0.006614437	0.075108180
0.006820242	0.076685989
0.007031369	0.078286511
0.007247922	0.079909839
0.007432579	0.081279928
0.007659349	0.082945289
0.007852667	0.084350515
0.008090011	0.086058175
0.008292290	0.087498750
0.008540570	0.089248949
0.008752114	0.090725059
0.008967972	0.092217375
0.009188207	0.093725930
0.009412885	0.095250751
0.009642070	0.096791865
0.009875829	0.098349297
0.010114226	0.099923068
0.010357329	0.101513198
0.010605204	0.103119703
0.010857919	0.104742598
0.011063596	0.106052563
0.011325192	0.107704987
0.011591818	0.109373828
0.011808759	0.110720561
0.012084611	0.112418963
0.012309021	0.113789342
0.012594322	0.115517307
0.012826381	0.116911329
0.013091599	0.118492256
0.013331048	0.119908592
0.013635371	0.121693986
0.013882823	0.123133922
0.014133890	0.124584334
0.014420725	0.126228659
0.014679596	0.127701302
0.014942197	0.129184390
0.015208563	0.130677910
0.015512791	0.132370677
0.015787283	0.133886320
0.016065655	0.135412351
0.016347946	0.136948751
0.016634191	0.138495505
0.016924430	0.140052592
0.017218697	0.141619993
0.017517031	0.143197687
0.017819469	0.144785652
0.018087481	0.146183443
0.018397714	0.147790603
0.018712159	0.149407964
0.018990764	0.150831416
0.019313205	0.152467835
0.019598865	0.153907918
0.019887856	0.155355732
0.020222263	0.157019919
0.020518477	0.158484231
0.020818101	0.159956208
0.021164759	0.161647929
0.021427687	0.162923096
0.021782286	0.164632207
0.022096306	0.166135701
0.022413865	0.167646739
0.022734988	0.169165299
0.023059701	0.170691353
0.023388028	0.172224875
0.023719994	0.173765839
0.024055625	0.175314216
0.024346225	0.176647195
0.024737984	0.178433127
0.025034970	0.179778695
0.025384967	0.181355400
0.025738749	0.182939376
0.026045004	0.184302751
0.026405881	0.185900148
0.026770614	0.187504727
0.027086311	0.188885687
0.027458270	0.190503516
0.027780195	0.191895784
0.028159465	0.193526746
0.028487692	0.194930219
0.028874356	0.196574196
0.029208958	0.197988770
0.029603100	0.199645637
0.029944147	0.201071206
0.030288193	0.202501813
0.030693416	0.204177291
0.031044011	0.205618729
0.031397653	0.207065129
0.031754357	0.208516465
0.032174427	0.210216000
0.032537816	0.211677946
0.032904313	0.213144749
0.033273935	0.214616382
0.033646694	0.216092819
0.034085594	0.217821472
0.034465204	0.219308228
0.034847999	0.220799705
0.035233994	0.222295874
0.035623202	0.223796708
0.036015638	0.225302180
0.036411317	0.226812261
0.036810253	0.228326924
0.037212460	0.229846139
0.037617951	0.231369878
0.038026743	0.232898112
0.038438847	0.234430812
0.038784787	0.235711373
0.039203002	0.237252182
0.039624570	0.238797373
0.040049504	0.240346915
0.040477818	0.241900777
0.040837316	0.243198861
0.041271862	0.244760565
0.041709826	0.246326501
0.042151222	0.247896639
0.042521661	0.249208195
0.042969383	0.250785954
0.043420574	0.252367825
0.043799204	0.253689087
0.044256789	0.255278412
0.044717880	0.256871757
0.045104787	0.258202511
0.045572339	0.259803140
0.046043434	0.261407697
0.046438703	0.262747720
0.046916324	0.264359388
0.047317049	0.265705291
0.047801238	0.267323957
0.048207453	0.268675644
0.048698251	0.270301194
0.049109991	0.271658568
0.049607438	0.273290887
0.050024736	0.274653852
0.050528873	0.276292822
0.050951760	0.277661281
0.051377200	0.279032204
0.051891137	0.280680637
0.052322214	0.282056909
0.052842935	0.283711702
0.053279682	0.285093224
0.053719015	0.286477098
0.054249672	0.288140926
0.054694720	0.289529903
0.055142375	0.290921165
0.055683045	0.292593770
0.056136458	0.293989986
0.056592498	0.295388419
0.057051171	0.296789049
0.057605097	0.298472777
0.058069584	0.299878163
0.058536723	0.301285676
0.059006519	0.302695295
0.059573826	0.304389690
0.060049489	0.305803865
0.060527828	0.307220076
0.061008849	0.308638301
0.061492556	0.310058517
0.062076594	0.311765480
0.062566231	0.313190002
0.063058572	0.314616445
0.063553622	0.316044787
0.064051386	0.317475006
0.064551870	0.318907080
0.065055078	0.320340985
0.065561015	0.321776700
0.066171786	0.323502022
0.066683745	0.324941639
0.067198448	0.326382995
0.067715901	0.327826066
0.068236108	0.329270829
0.068759073	0.330717262
0.069284802	0.332165342
0.069813297	0.333615046
0.070344565	0.335066352
0.070878609	0.336519236
0.071415434	0.337973676
0.071955042	0.339429650
0.072497440	0.340887133
0.073042630	0.342346103
0.073590616	0.343806537
0.074141403	0.345268412
0.074694995	0.346731705
0.075251394	0.348196393
0.075810605	0.349662452
0.076372631	0.351129860
0.076937476	0.352598593
0.077505143	0.354068629
0.078075635	0.355539944
0.078534038	0.356717829
0.079109625	0.358191387
0.079688046	0.359666159
0.080269306	0.361142122
0.080853406	0.362619253
0.081440350	0.364097527
0.082030140	0.365576923
0.082622780	0.367057416
0.083218272	0.368538983
0.083696692	0.369724922
0.084297325	0.371208363
0.084900817	0.372692814
0.085507171	0.374178250
0.086116389	0.375664647
0.086728473	0.377151984
0.087220176	0.378342441
0.087837426	0.379831408
0.088457549	0.381321249
0.089080546	0.382811939
0.089706419	0.384303456
0.090272149	0.385646468
0.090903493	0.387139491
0.091537718	0.388633273
0.092047143	0.389828756
0.092686559	0.391323844
0.093328862	0.392819626
0.093974051	0.394316078
0.094492251	0.395513634
0.095142641	0.397011233
0.095795922	0.398509437
0.096452095	0.400008223
0.096979084	0.401207582
0.097640465	0.402707355
0.098304740	0.404207646
0.098971911	0.405708429
0.099507700	0.406909322
0.100180085	0.408410935
0.100855366	0.409912976
0.101533545	0.411415422
0.102078142	0.412617582
0.102761538	0.414120699
0.103447833	0.415624156
0.103998922	0.416827078
0.104690434	0.418331091
0.105384846	0.419835379
0.105942428	0.421038919
0.106642057	0.422543646
0.107344585	0.424048585
0.107908660	0.425252600
0.108616404	0.426757862
0.109327046	0.428263272
0.109897611	0.429467618
0.110613467	0.430973236
0.111332219	0.432478938
0.111909271	0.433683472
0.112633234	0.435189268
0.113360090	0.436695085
0.113943623	0.437899665
0.114675686	0.439405462
0.115410639	0.440911216
0.116000647	0.442115701
0.116740800	0.443621322
0.117483841	0.445126837
0.118080315	0.446331085
0.118828550	0.447836355
0.119429176	0.449040378
0.120182598	0.450545329
0.120938900	0.452050073
0.121545977	0.453253630
0.122307458	0.454757944
0.122995227	0.456111556
0.123762168	0.457615338
0.124377750	0.458818068
0.125149857	0.460321275
0.125769568	0.461523516
0.126546832	0.463026075
0.127326959	0.464528245
0.127953081	0.465729613
0.128738353	0.467231026
0.129368588	0.468431761
0.130158997	0.469932348
0.130872780	0.471282418
0.131668602	0.472782058
0.132307268	0.473981316
0.133108208	0.475479987
0.133750964	0.476678442
0.134557011	0.478176075
0.135203849	0.479373673
0.136014993	0.480870200
0.136828964	0.482366083
0.137482134	0.483562239
0.138301184	0.485056910
0.138958413	0.486252069
0.139782531	0.487745461
0.140443809	0.488939569
0.141272982	0.490431615
0.142021613	0.491773751
0.142772510	0.493115243
0.143609523	0.494605061
0.144281102	0.495796243
0.145123136	0.497284546
0.145798726	0.498474489
0.146645768	0.499961210
0.147325359	0.501149862
0.148177395	0.502634936
0.148860974	0.503822245
0.149717988	0.505305607
0.150491636	0.506639756
0.151267515	0.507973099
0.152045622	0.509305620
0.152912821	0.510785263
0.153608511	0.511968149
0.154480639	0.513445885
0.155180266	0.514627221
0.156057307	0.516102988
0.156760857	0.517282724
0.157642794	0.518756460
0.158350254	0.519934545
0.159237068	0.521406187
0.159948423	0.522582573
0.160840097	0.524052060
0.161555332	0.525226697
0.162451847	0.526693968
0.163170946	0.527866809
0.164072284	0.529331803
0.164885746	0.530649155
0.165701366	0.531965448
0.166519141	0.533280669
0.167339065	0.534594804
0.168252635	0.536053710
0.168985348	0.537219774
0.169903668	0.538676193
0.170640172	0.539840244
0.171563221	0.541294117
0.172303500	0.542456110
0.173231256	0.543907380
0.173975292	0.545067267
0.174907733	0.546515877
0.175655507	0.547673614
0.176592611	0.549119508
0.177344106	0.550275049
0.178285850	0.551718170
0.179041047	0.552871471
0.179987407	0.554311765
0.180746287	0.555462782
0.181697240	0.556900193
0.182459784	0.558048882
0.183415305	0.559483355
0.184181494	0.560629674
0.185141558	0.562061156
0.185911372	0.563205061
0.186875954	0.564633499
0.187649373	0.565774947
0.188618448	0.567200289
0.189492714	0.568481568
0.190368987	0.569761424
0.191247261	0.571039845
0.192127529	0.572316819
0.193009787	0.573592335
0.193992428	0.575007895
0.194780250	0.576138957
0.195767277	0.577551213
0.196558597	0.578679612
0.197549981	0.580088513
0.198344775	0.581214210
0.199340490	0.582619708
0.200138737	0.583742662
0.201138753	0.585144709
0.201940429	0.586264883
0.202944718	0.587663430
0.203749801	0.588780785
0.204758333	0.590175785
0.205566799	0.591290284
0.206579546	0.592681690
0.207391371	0.593793295
0.208408302	0.595181061
0.209223462	0.596289737
0.210244548	0.597673817
0.211165459	0.598917684
0.212088222	0.600159867
0.213115709	0.601538125
0.213939281	0.602639149
0.214970843	0.604013607
0.215797663	0.605111574
0.216833269	0.606482190
0.217663311	0.607577065
0.218702929	0.608943795
0.219536167	0.610035545
0.220579765	0.611398347
0.221416174	0.612486939
0.222463718	0.613845771
0.223303272	0.614931170
0.224354730	0.616285992
0.225302862	0.617503375
0.226358416	0.618853919
0.227204350	0.619932656
0.228263750	0.621279107
0.229112747	0.622354554
0.230175958	0.623696873
0.231027990	0.624768999
0.232094980	0.626107148
0.232950020	0.627175922
0.234020752	0.628509862
0.234986147	0.629708359
0.236060792	0.631037816
0.236921928	0.632099607
0.238000245	0.633424779
0.238864303	0.634483128
0.239946255	0.635803980
0.240813207	0.636858858
0.241898759	0.638175354
0.242877423	0.639358082
0.243966735	0.640669942
0.244839546	0.641717599
0.245932384	0.643025032
0.246808000	0.644069133
0.247904326	0.645372106
0.248892634	0.646542614
0.249992603	0.647840842
0.250873893	0.648877554
0.251977275	0.650171254
0.252861280	0.651204331
0.253968037	0.652493472
0.254965678	0.653651487
0.256075956	0.654935782
0.256965448	0.655961309
0.258079023	0.657240981
0.258971137	0.658262798
0.260087972	0.659537818
0.261094627	0.660683081
0.262214860	0.661953158
0.263112268	0.662967276
0.264235681	0.664232641
0.265135617	0.665242979
0.266262170	0.666503604
0.267390452	0.667761585
0.268294258	0.668765998
0.269425619	0.670019196
0.270445262	0.671144759
0.271579831	0.672392881
0.272488634	0.673389386
0.273626202	0.674632672
0.274651390	0.675749289
0.275792079	0.676987443
0.276705744	0.677975954
0.277849349	0.679209221
0.278994555	0.680439763
0.279911810	0.681422169
0.281059869	0.682647787
0.282094431	0.683748462
0.283245458	0.684968856
0.284167335	0.685943127
0.285321130	0.687158551
0.286476446	0.688371204
0.287401728	0.689339268
0.288559749	0.690546916
0.289719255	0.691751775
0.290647863	0.692713590
0.291810009	0.693913412
0.292973605	0.695110427
0.293905459	0.696065956
0.295071630	0.697257902
0.296239213	0.698447025
0.297174232	0.699396229
0.298344326	0.700580254
0.299515798	0.701761440
0.300453899	0.702704283
0.301627816	0.703880342
0.302803072	0.705053547
0.303744175	0.705989995
0.304921811	0.707158047
0.306100750	0.708323229
0.307162866	0.709369404
0.308344245	0.710529120
0.309290202	0.711454761
0.310473849	0.712609283
0.311658738	0.713760912
0.312844855	0.714909645
0.313794566	0.715826486
0.314982860	0.716969993
0.316172346	0.718110591
0.317243858	0.719134607
0.318435569	0.720269665
0.319509063	0.721288690
0.320702953	0.722418195
0.321658819	0.723319636
0.322854729	0.724443867
0.324051741	0.725565163
0.325249843	0.726683520
0.326329023	0.727687495
0.327529158	0.728800259
0.328610146	0.729799195
0.329812266	0.730906353
0.331015411	0.732010557
0.331978598	0.732891736
0.333183554	0.733990613
0.334389498	0.735086528
0.335596416	0.736179476
0.336683430	0.737160561
0.337892161	0.738247866
0.339101826	0.739332197
0.340070163	0.740197466
0.341281477	0.741276439
0.342493687	0.742352431
0.343706781	0.743425440
0.344920744	0.744495465
0.345892473	0.745349281
0.347107967	0.746413928
0.348324293	0.747475584
0.349541437	0.748534248
0.350759386	0.749589917
0.351978125	0.750642591
0.352953617	0.751482521
0.354173746	0.752529798
0.355394628	0.753574076
0.356616248	0.754615352
0.357838595	0.755653626
0.359061654	0.756688895
0.360285411	0.757721160
0.361387345	0.758647600
0.362612391	0.759674152
0.363838097	0.760697697
0.365064449	0.761718233
0.366291432	0.762735760
0.367273404	0.763547565
0.368501491	0.764559674
0.369730171	0.765568772
0.370959432	0.766574858
0.372189260	0.767577933
0.373419640	0.768577996
0.374650561	0.769575046
0.375882007	0.770569084
0.377113966	0.771560110
0.378346425	0.772548123
0.379579368	0.773533124
0.380812784	0.774515113
0.382046658	0.775494090
0.383034019	0.776275055
0.384268684	0.777248612
0.385503770	0.778219157
0.386739264	0.779186692
0.387975151	0.780151218
0.389211419	0.781112734
0.390448053	0.782071242
0.391685042	0.783026742
0.392922370	0.783979235
0.394160025	0.784928723
0.395397993	0.785875206
0.396636261	0.786818685
0.397874815	0.787759161
0.399113643	0.788696636
0.400352731	0.789631111
0.401592065	0.790562587
0.402831633	0.791491065
0.404071420	0.792416548
0.405311415	0.793339036
0.406799753	0.794442138
0.408040155	0.795358044
0.409280722	0.796270960
0.410521440	0.797180890
0.411762296	0.798087833
0.413003277	0.798991794
0.414244370	0.799892772
0.415485561	0.800790771
0.416726838	0.801685793
0.417968187	0.802577839
0.419209595	0.803466913
0.420451050	0.804353015
0.421940930	0.805412485
0.423182441	0.806292060
0.424423957	0.807168672
0.425665465	0.808042324
0.426906952	0.808913017
0.428148405	0.809780756
0.429389811	0.810645541
0.430879509	0.811679454
0.432120767	0.812537753
0.433361937	0.813393109
0.434603007	0.814245525
0.435843963	0.815095002
0.437084793	0.815941545
0.438573696	0.816953590
0.439814205	0.817793687
0.441054546	0.818630861
0.442294709	0.819465112
0.443534680	0.820296446
0.445022466	0.821290261
0.446261971	0.822115187
0.447501245	0.822937206
0.448740274	0.823756322
0.450226860	0.824735493
0.451465309	0.825548233
0.452703474	0.826358082
0.453941343	0.827165042
0.455426468	0.828129646
0.456663642	0.828930266
0.457900481	0.829728010
0.459384319	0.830681570
0.460620377	0.831473000
0.461856062	0.832261567
0.463338463	0.833204131
0.464573281	0.833986413
0.465807687	0.834765846
0.467288503	0.835697465
0.468521959	0.836470642
0.469754964	0.837240982
0.471234049	0.838161709
0.472466020	0.838925824
0.473697503	0.839687117
0.475174711	0.840597005
0.476405077	0.841352104
0.477880911	0.842254572
0.479110104	0.843003500
0.480338746	0.843749630
0.481812461	0.844641354
0.483039848	0.845381346
0.484512025	0.846265717
0.485738102	0.846999592
0.487208674	0.847876638
0.488433386	0.848604422
0.489902287	0.849474171
0.491125579	0.850195886
0.492592744	0.851058367
0.493814562	0.851774038
0.495279925	0.852629281
0.496500216	0.853338933
0.497963714	0.854186966
0.499182424	0.854890624
0.500643992	0.855731479
0.501861068	0.856429167
0.503320643	0.857262873
0.504536032	0.857954618
0.505993552	0.858781207
0.507449925	0.859603928
0.508662605	0.860286538
0.510116827	0.861102190
0.511327688	0.861778923
0.512779697	0.862587538
0.514230473	0.863392329
0.515438424	0.864060032
0.516886894	0.864857836
0.518334079	0.865651842
0.519539001	0.866310581
0.520983788	0.867097652
0.522427241	0.867880953
0.523629014	0.868530793
0.525069977	0.869307210
0.526509557	0.870079887
0.527947737	0.870848833
0.529145066	0.871486739
0.530580635	0.872248872
0.532014755	0.873007303
0.533447410	0.873762042
0.534640085	0.874388141
0.536070010	0.875136139
0.537498423	0.875880476
0.538925307	0.876621160
0.540350645	0.877358204
0.541537162	0.877969595
0.542959624	0.878699991
0.544380496	0.879426775
0.545799759	0.880149958
0.547217399	0.880869552
0.548633401	0.881585567
0.550047747	0.882298013
0.551460422	0.883006901
0.552871411	0.883712243
0.554045865	0.884297291
0.555453723	0.884996159
0.556859851	0.885691511
0.558264235	0.886383358
0.559666859	0.887071711
0.561067707	0.887756581
0.562466767	0.888437979
0.563864022	0.889115916
0.565259457	0.889790404
0.566653060	0.890461453
0.568044814	0.891129075
0.569434706	0.891793281
0.570822721	0.892454081
0.572208845	0.893111488
0.573823680	0.893874235
0.575205659	0.894524327
0.576585704	0.895171061
0.577963799	0.895814448
0.579339933	0.896454500
0.580714091	0.897091227
0.582086260	0.897724643
0.583684689	0.898459500
0.585052502	0.899085776
0.586418284	0.899708776
0.587782022	0.900328511
0.589370547	0.901047468
0.590729812	0.901660168
0.592086994	0.902269639
0.593442078	0.902875893
0.595020439	0.903579181
0.596370938	0.904178504
0.597719301	0.904774646
0.599289770	0.905466182
0.600633464	0.906055472
0.601974983	0.906641619
0.603537421	0.907321539
0.604874189	0.907900912
0.606431053	0.908572963
0.607763016	0.909145618
0.609314242	0.909809862
0.610641348	0.910375854
0.612186876	0.911032355
0.613509071	0.911591738
0.615048840	0.912240560
0.616366074	0.912793389
0.617900024	0.913434596
0.619212247	0.913980925
0.620740322	0.914614581
0.622047484	0.915154465
0.623569627	0.915780633
0.625088552	0.916402795
0.626387836	0.916932871
0.627900745	0.917547643
0.629410391	0.918158463
0.630701687	0.918678859
0.632205234	0.919282388
0.633705477	0.919882016
0.635202399	0.920477763
0.636482744	0.920985297
0.638186252	0.921657697
0.639460845	0.922158654
0.640944826	0.922739602
0.642425419	0.923316758
0.643902608	0.923890141
0.645165975	0.924378593
0.646846751	0.925025669
0.648104230	0.925507728
0.649777124	0.926146322
0.651028669	0.926622052
0.652693623	0.927252247
0.653939193	0.927721710
0.655596150	0.928343590
0.656835702	0.928806848
0.658484608	0.929420496
0.659923519	0.929953577
0.661358878	0.930483103
0.662790673	0.931009093
0.664218894	0.931531564
0.665846855	0.932124425
0.667064595	0.932566032
0.668684322	0.933150957
0.670097621	0.933659044
0.671708474	0.934235556
0.672913347	0.934664967
0.674515870	0.935233712
0.676113614	0.935798055
0.677308630	0.936218389
0.678897976	0.936775094
0.680482503	0.937327470
0.681864918	0.937807239
0.683440377	0.938351569
0.684814838	0.938824340
0.686381185	0.939360717
0.687747654	0.939826569
0.689304845	0.940355086
0.690663286	0.940814100
0.692211282	0.941334847
0.693754357	0.941851487
0.695100421	0.942300171
0.696634241	0.942809180
0.698163112	0.943314157
0.699687022	0.943815127
0.701016285	0.944250182
0.702530869	0.944743707
0.704040465	0.945233299
0.705545066	0.945718981
0.707044662	0.946200780
0.708539245	0.946678721
0.710028807	0.947152829
0.711513341	0.947623128
0.712992838	0.948089644
0.714467293	0.948552401
0.715936698	0.949011424
0.717401046	0.949466738
0.718860331	0.949918367
0.720314547	0.950366336
0.721763688	0.950810669
0.723207748	0.951251390
0.724826335	0.951742944
0.726259582	0.952176070
0.727687732	0.952605659
0.729288402	0.953084779
0.730705707	0.953506933
0.732294165	0.953977747
0.733700608	0.954392571
0.735276835	0.954855200
0.736672399	0.955262801
0.738409860	0.955767638
0.739793891	0.956167706
0.741172792	0.956564464
0.742889411	0.957055850
0.744256762	0.957445242
0.745618977	0.957831398
0.747314728	0.958309635
0.748665382	0.958688592
0.750346677	0.959157900
0.751685765	0.959529771
0.753352598	0.959990291
0.754680118	0.960355189
0.756332490	0.960807061
0.757648442	0.961165097
0.759286354	0.961608459
0.760916234	0.962047153
0.762214199	0.962394733
0.763829629	0.962825129
0.765437035	0.963250974
0.766717028	0.963588359
0.768310000	0.964006115
0.769894959	0.964419434
0.771471909	0.964828357
0.772727554	0.965152318
0.774290104	0.965553429
0.775844663	0.965950257
0.777391236	0.966342840
0.778929831	0.966731218
0.780460455	0.967115431
0.781983117	0.967495516
0.783497825	0.967871512
0.785004588	0.968243458
0.786503416	0.968611392
0.787994318	0.968975352
0.789477304	0.969335374
0.790952386	0.969691497
0.792419574	0.970043757
0.794170009	0.970461473
0.795619870	0.970805364
0.797061876	0.971145508
0.798496038	0.971481943
0.800206907	0.971880866
0.801623861	0.972209263
0.803314117	0.972598642
0.804713929	0.972919172
0.806105973	0.973236181
0.807766397	0.973612039
0.809141404	0.973921423
0.810781427	0.974288228
0.812410360	0.974650176
0.813759190	0.974948095
0.815367870	0.975301290
0.816965544	0.975649789
0.818552243	0.975993648
0.819865971	0.976276659
0.821432631	0.976612157
0.822988406	0.976943170
0.824533329	0.977269753
0.826067433	0.977591959
0.827590753	0.977909840
0.829103323	0.978223450
0.830605179	0.978532839
0.832096355	0.978838060
0.833576890	0.979139162
0.835290987	0.979485352
0.836748588	0.979777703
0.838195666	0.980066093
0.839870876	0.980397648
0.841295283	0.980677623
0.842944148	0.980999490
0.844346068	0.981271273
0.845968806	0.981583710
0.847348429	0.981847520
0.849172472	0.982193748
0.850528298	0.982449210
0.852097489	0.982742862
0.853652959	0.983031815
0.855194778	0.983316138
0.856723014	0.983595900
0.858237736	0.983871167
0.859739014	0.984142007
0.861438596	0.984446237
0.862911304	0.984707807
0.864370792	0.984965154
0.866022884	0.985254207
0.867454286	0.985502712
0.869074468	0.985781822
0.870677789	0.986055759
0.872264359	0.986324612
0.873638788	0.986555728
0.875194254	0.986815284
0.876733292	0.987070005
0.878256015	0.987319973
0.879762537	0.987565273
0.881252972	0.987805986
0.882910828	0.988071436
0.884367458	0.988302665
0.886166582	0.988585673
0.887587987	0.988807241
0.888993926	0.989024638
0.890730202	0.989290695
0.892101768	0.989498975
0.893795437	0.989753861
0.895465754	0.990002732
0.896785027	0.990197541
0.898413894	0.990435922
0.900020054	0.990668656
0.901603735	0.990895870
0.903165170	0.991117688
0.904704588	0.991334231
0.906222219	0.991545619
0.907718294	0.991751968
0.909193043	0.991953393
0.910935337	0.992188816
0.912363969	0.992379796
0.914051573	0.992602996
0.915435195	0.992784048
0.917069435	0.992995633
0.918675120	0.993201126
0.920252640	0.993400696
0.921802382	0.993594507
0.923324735	0.993782718
0.924820083	0.993965486
0.926288809	0.994142960
0.927969589	0.994343569
0.929381928	0.994510076
0.931226455	0.994724685
0.932580033	0.994880110
0.934128571	0.995055768
0.935858544	0.995249278
0.937337366	0.995412397
0.938989153	0.995592078
0.940400884	0.995743528
0.941977452	0.995910341
0.943515093	0.996070662
0.945014621	0.996224736
0.946837541	0.996408993
0.948254226	0.996549864
0.949805938	0.996701809
0.951479032	0.996862863
0.952939333	0.997001056
0.954513484	0.997147520
0.956037637	0.997286832
0.957513193	0.997419338
0.959222464	0.997569890
0.960865986	0.997711638
0.962446022	0.997845091
0.963964778	0.997970728
0.965424400	0.998089003
0.967056119	0.998218313
0.968613336	0.998338811
0.970306586	0.998466556
0.971714473	0.998570125
0.973244715	0.998679915
0.974870506	0.998793325
0.976564420	0.998907859
0.978146079	0.999011372
0.979622498	0.999104929
0.981266149	0.999205491
0.982778304	0.999294559
0.984169030	0.999373454
0.985853694	0.999464994
0.987358829	0.999542876
0.989019011	0.999624277
0.990459239	0.999690834
0.992166056	0.999764460
0.993742738	0.999826948
0.995271221	0.999881858
0.996977816	0.999935475
0.998445433	0.999973436
1.000000000	1.000000000