0.000000000	0.000000000
0.000000000	0.006000000
0.000000000	0.014000000
0.000000000	0.019800000
0.000000000	0.025400000
0.000000000	0.031400000
0.000000000	0.034800000
0.000000000	0.038400000
0.000000000	0.042200000
0.000000000	0.044200000
0.000000000	0.047600000
0.000000000	0.050000000
0.000000000	0.054000000
0.000000000	0.056800000
0.000000000	0.058600000
0.000000000	0.061000000
0.000000000	0.062800000
0.000000000	0.064400000
0.000000000	0.065400000
0.000000000	0.067200000
0.000000000	0.071600000
0.000000000	0.075200000
0.000000000	0.077400000
0.000000000	0.079000000
0.000000000	0.080000000
0.000000000	0.082200000
0.000000000	0.083800000
0.000000000	0.085800000
0.000000000	0.087400000
0.000000000	0.088600000
0.000000000	0.089400000
0.000000000	0.091000000
0.000000000	0.092200000
0.000000000	0.094000000
0.000000000	0.096000000
0.000000000	0.097400000
0.000000000	0.098600000
0.000000000	0.100400000
0.000000000	0.103200000
0.000000000	0.104000000
0.000000000	0.105800000
0.000000000	0.108200000
0.000000000	0.110000000
0.000000000	0.110800000
0.000000000	0.111800000
0.000000000	0.112600000
0.000000000	0.113600000
0.000000000	0.115400000
0.000000000	0.116600000
0.000000000	0.119400000
0.000000000	0.120400000
0.000000000	0.121600000
0.000000000	0.122400000
0.000000000	0.122600000
0.000000000	0.124200000
0.000000000	0.124800000
0.000000000	0.126200000
0.000000000	0.127400000
0.000000000	0.128400000
0.000000000	0.128600000
0.000000000	0.131600000
0.000000000	0.132400000
0.000000000	0.132800000
0.000000000	0.134200000
0.000000000	0.134800000
0.000000000	0.136000000
0.000000000	0.136600000
0.000000000	0.137400000
0.000000000	0.138000000
0.000000000	0.139600000
0.000000000	0.140400000
0.000000000	0.141800000
0.000000000	0.143000000
0.000000000	0.144000000
0.000000000	0.144600000
0.000000000	0.146000000
0.000000000	0.147000000
0.000000000	0.147800000
0.000000000	0.149000000
0.000000000	0.150000000
0.000000000	0.151200000
0.000000000	0.151600000
0.000000000	0.153600000
0.000000000	0.154400000
0.000000000	0.156800000
0.000000000	0.158200000
0.000000000	0.159000000
0.000000000	0.161000000
0.000000000	0.161600000
0.000000000	0.162400000
0.000000000	0.163800000
0.000000000	0.164000000
0.000000000	0.165400000
0.000000000	0.166200000
0.000000000	0.167400000
0.000000000	0.169000000
0.000000000	0.169200000
0.000000000	0.170200000
0.000000000	0.171400000
0.000000000	0.172600000
0.000000000	0.173400000
0.000000000	0.173800000
0.000000000	0.174800000
0.000000000	0.176200000
0.000000000	0.178600000
0.000000000	0.179000000
0.000000000	0.180200000
0.000000000	0.180600000
0.000000000	0.181400000
0.000000000	0.181600000
0.000000000	0.182000000
0.000000000	0.182800000
0.000000000	0.184600000
0.000000000	0.185000000
0.000000000	0.186200000
0.000000000	0.187000000
0.000000000	0.187200000
0.000000000	0.187800000
0.000000000	0.188200000
0.000000000	0.189000000
0.000000000	0.189600000
0.000000000	0.190600000
0.000000000	0.191000000
0.000000000	0.191400000
0.000000000	0.191800000
0.000000000	0.192600000
0.000000000	0.193000000
0.000000000	0.193200000
0.000000000	0.194400000
0.000000000	0.194600000
0.000000000	0.195600000
0.000000000	0.196200000
0.000000000	0.196600000
0.000000000	0.197200000
0.000000000	0.198000000
0.000000000	0.199000000
0.000000000	0.199200000
0.000000000	0.199800000
0.000000000	0.200800000
0.000000000	0.202000000
0.000000000	0.203000000
0.000000000	0.203200000
0.000000000	0.204000000
0.000000000	0.204600000
0.000000000	0.205000000
0.000000000	0.205200000
0.000000000	0.206200000
0.000000000	0.207000000
0.000000000	0.207600000
0.000000000	0.207800000
0.000000000	0.208200000
0.000000000	0.208400000
0.000000000	0.209000000
0.000000000	0.209200000
0.000000000	0.209800000
0.000000000	0.210800000
0.000000000	0.211600000
0.000000000	0.212000000
0.000000000	0.212800000
0.000000000	0.213400000
0.000000000	0.213800000
0.000000000	0.215400000
0.000000000	0.215600000
0.000000000	0.216600000
0.000000000	0.217400000
0.000000000	0.217600000
0.000000000	0.218200000
0.000000000	0.218800000
0.000000000	0.219400000
0.000000000	0.220600000
0.000000000	0.221200000
0.000000000	0.221600000
0.000200000	0.221600000
0.000200000	0.222200000
0.000200000	0.222600000
0.000200000	0.223200000
0.000200000	0.223400000
0.000200000	0.223800000
0.000200000	0.224800000
0.000200000	0.225600000
0.000200000	0.226400000
0.000200000	0.227200000
0.000200000	0.228400000
0.000200000	0.228800000
0.000200000	0.229600000
0.000200000	0.230000000
0.000200000	0.230600000
0.000200000	0.231400000
0.000200000	0.231600000
0.000200000	0.232400000
0.000200000	0.233400000
0.000200000	0.233600000
0.000200000	0.234400000
0.000200000	0.235600000
0.000200000	0.236400000
0.000200000	0.238000000
0.000200000	0.238200000
0.000200000	0.238800000
0.000200000	0.239600000
0.000200000	0.240800000
0.000200000	0.241600000
0.000200000	0.242400000
0.000200000	0.242800000
0.000200000	0.243400000
0.000200000	0.243800000
0.000200000	0.244400000
0.000200000	0.244800000
0.000200000	0.246000000
0.000200000	0.246800000
0.000200000	0.249200000
0.000200000	0.249400000
0.000200000	0.249800000
0.000200000	0.250000000
0.000200000	0.250400000
0.000200000	0.251600000
0.000200000	0.252800000
0.000200000	0.253000000
0.000200000	0.253400000
0.000200000	0.254000000
0.000200000	0.254200000
0.000200000	0.254600000
0.000200000	0.256400000
0.000200000	0.257600000
0.000200000	0.258200000
0.000200000	0.259000000
0.000200000	0.260000000
0.000200000	0.260200000
0.000200000	0.261000000
0.000200000	0.261200000
0.000200000	0.262000000
0.000200000	0.262400000
0.000200000	0.262600000
0.000200000	0.263000000
0.000200000	0.263600000
0.000200000	0.264800000
0.000200000	0.265200000
0.000200000	0.265800000
0.000200000	0.266600000
0.000200000	0.267600000
0.000200000	0.269200000
0.000200000	0.270000000
0.000200000	0.270200000
0.000200000	0.271400000
0.000200000	0.271600000
0.000200000	0.272000000
0.000200000	0.272200000
0.000200000	0.273000000
0.000200000	0.273800000
0.000200000	0.274200000
0.000200000	0.274800000
0.000200000	0.275000000
0.000200000	0.276000000
0.000200000	0.276800000
0.000200000	0.278000000
0.000200000	0.278800000
0.000200000	0.279200000
0.000200000	0.279400000
0.000200000	0.279800000
0.000200000	0.280200000
0.000200000	0.281400000
0.000200000	0.281800000
0.000200000	0.282000000
0.000200000	0.282600000
0.000200000	0.282800000
0.000200000	0.283200000
0.000200000	0.283600000
0.000200000	0.284200000
0.000200000	0.284600000
0.000200000	0.284800000
0.000200000	0.286000000
0.000200000	0.287200000
0.000200000	0.287800000
0.000200000	0.288000000
0.000200000	0.288600000
0.000200000	0.289000000
0.000200000	0.289200000
0.000200000	0.290000000
0.000200000	0.290200000
0.000200000	0.290600000
0.000200000	0.290800000
0.000200000	0.291400000
0.000200000	0.292200000
0.000200000	0.292400000
0.000200000	0.292800000
0.000200000	0.293000000
0.000200000	0.293400000
0.000200000	0.294000000
0.000200000	0.294800000
0.000200000	0.295600000
0.000200000	0.295800000
0.000200000	0.296400000
0.000200000	0.297200000
0.000200000	0.297800000
0.000200000	0.298000000
0.000200000	0.298800000
0.000200000	0.299000000
0.000200000	0.299800000
0.000200000	0.300200000
0.000200000	0.300800000
0.000200000	0.301000000
0.000200000	0.301400000
0.000200000	0.301600000
0.000200000	0.302800000
0.000200000	0.303000000
0.000200000	0.303600000
0.000200000	0.303800000
0.000200000	0.304400000
0.000200000	0.304600000
0.000200000	0.305400000
0.000200000	0.307200000
0.000200000	0.307800000
0.000200000	0.308200000
0.000200000	0.309000000
0.000200000	0.309200000
0.000200000	0.310400000
0.000200000	0.311000000
0.000200000	0.311600000
0.000200000	0.313600000
0.000200000	0.314000000
0.000200000	0.314600000
0.000200000	0.314800000
0.000200000	0.315600000
0.000200000	0.315800000
0.000200000	0.316400000
0.000200000	0.316600000
0.000200000	0.317000000
0.000200000	0.317800000
0.000200000	0.318200000
0.000200000	0.318600000
0.000200000	0.319200000
0.000200000	0.319600000
0.000200000	0.320200000
0.000200000	0.321000000
0.000200000	0.321200000
0.000200000	0.321600000
0.000200000	0.322400000
0.000200000	0.323200000
0.000200000	0.323400000
0.000200000	0.323800000
0.000200000	0.324400000
0.000200000	0.325000000
0.000200000	0.325400000
0.000200000	0.326200000
0.000200000	0.326800000
0.000200000	0.327000000
0.000200000	0.327400000
0.000200000	0.328600000
0.000200000	0.329000000
0.000200000	0.329400000
0.000200000	0.329800000
0.000200000	0.330400000
0.000200000	0.330800000
0.000200000	0.331000000
0.000200000	0.331400000
0.000200000	0.331800000
0.000200000	0.332400000
0.000200000	0.334400000
0.000200000	0.335600000
0.000200000	0.336000000
0.000200000	0.336800000
0.000200000	0.337000000
0.000200000	0.337800000
0.000200000	0.338600000
0.000200000	0.339000000
0.000200000	0.339600000
0.000200000	0.340800000
0.000200000	0.341000000
0.000200000	0.341400000
0.000200000	0.341600000
0.000200000	0.342800000
0.000200000	0.343600000
0.000200000	0.344000000
0.000200000	0.344400000
0.000200000	0.345000000
0.000200000	0.345200000
0.000200000	0.345800000
0.000200000	0.346000000
0.000200000	0.346400000
0.000200000	0.347000000
0.000200000	0.347600000
0.000200000	0.348200000
0.000200000	0.348800000
0.000200000	0.350400000
0.000200000	0.351000000
0.000200000	0.351200000
0.000200000	0.351600000
0.000200000	0.351800000
0.000200000	0.352600000
0.000200000	0.353600000
0.000200000	0.354400000
0.000200000	0.354600000
0.000200000	0.355200000
0.000200000	0.356200000
0.000200000	0.356600000
0.000200000	0.357200000
0.000200000	0.357800000
0.000200000	0.358200000
0.000200000	0.359000000
0.000200000	0.360800000
0.000200000	0.362800000
0.000200000	0.363200000
0.000200000	0.363600000
0.000200000	0.364000000
0.000200000	0.364400000
0.000200000	0.364600000
0.000200000	0.365200000
0.000200000	0.366000000
0.000200000	0.366400000
0.000200000	0.367000000
0.000200000	0.367800000
0.000200000	0.368600000
0.000200000	0.369000000
0.000200000	0.369600000
0.000200000	0.370400000
0.000200000	0.371400000
0.000200000	0.372200000
0.000200000	0.372400000
0.000200000	0.373200000
0.000200000	0.373400000
0.000200000	0.373800000
0.000200000	0.374200000
0.000200000	0.374600000
0.000200000	0.375200000
0.000200000	0.375600000
0.000200000	0.376800000
0.000200000	0.377200000
0.000200000	0.377600000
0.000200000	0.378000000
0.000200000	0.378400000
0.000200000	0.380400000
0.000200000	0.381200000
0.000200000	0.381800000
0.000200000	0.382400000
0.000200000	0.382600000
0.000200000	0.383200000
0.000200000	0.383400000
0.000200000	0.384000000
0.000200000	0.384400000
0.000200000	0.385000000
0.000200000	0.385400000
0.000200000	0.385600000
0.000200000	0.386000000
0.000200000	0.386400000
0.000200000	0.387000000
0.000200000	0.387600000
0.000200000	0.388800000
0.000200000	0.389000000
0.000200000	0.389600000
0.000200000	0.390000000
0.000200000	0.390400000
0.000200000	0.390600000
0.000200000	0.391200000
0.000200000	0.392800000
0.000200000	0.393600000
0.000200000	0.394200000
0.000200000	0.394600000
0.000200000	0.394800000
0.000200000	0.395200000
0.000200000	0.396000000
0.000200000	0.396400000
0.000200000	0.396600000
0.000200000	0.397000000
0.000200000	0.397200000
0.000200000	0.398000000
0.000200000	0.398400000
0.000200000	0.398800000
0.000200000	0.399600000
0.000200000	0.400400000
0.000200000	0.401000000
0.000200000	0.401400000
0.000200000	0.402000000
0.000200000	0.402400000
0.000200000	0.403600000
0.000200000	0.404000000
0.000200000	0.404400000
0.000200000	0.404800000
0.000200000	0.408400000
0.000200000	0.408800000
0.000200000	0.411000000
0.000200000	0.411400000
0.000200000	0.411600000
0.000200000	0.412000000
0.000200000	0.412600000
0.000200000	0.413400000
0.000200000	0.415000000
0.000200000	0.415400000
0.000200000	0.416600000
0.000200000	0.417000000
0.000200000	0.417400000
0.000200000	0.417800000
0.000200000	0.418200000
0.000200000	0.419000000
0.000200000	0.420000000
0.000200000	0.420400000
0.000200000	0.420600000
0.000200000	0.421000000
0.000200000	0.421600000
0.000200000	0.422000000
0.000200000	0.422200000
0.000200000	0.422600000
0.000200000	0.422800000
0.000200000	0.423200000
0.000200000	0.423400000
0.000200000	0.423800000
0.000200000	0.424000000
0.000200000	0.424400000
0.000200000	0.425000000
0.000200000	0.425600000
0.000200000	0.426000000
0.000200000	0.426600000
0.000200000	0.427000000
0.000200000	0.429600000
0.000200000	0.430000000
0.000200000	0.430600000
0.000200000	0.431000000
0.000200000	0.431200000
0.000200000	0.431600000
0.000200000	0.432800000
0.000200000	0.433200000
0.000200000	0.433600000
0.000200000	0.434000000
0.000200000	0.434600000
0.000200000	0.435000000
0.000200000	0.435800000
0.000200000	0.436200000
0.000200000	0.438800000
0.000200000	0.439400000
0.000200000	0.439800000
0.000200000	0.440200000
0.000200000	0.441600000
0.000200000	0.442000000
0.000200000	0.443200000
0.000200000	0.443600000
0.000200000	0.446400000
0.000200000	0.446800000
0.000200000	0.448400000
0.000200000	0.448800000
0.000200000	0.449200000
0.000200000	0.449600000
0.000200000	0.450800000
0.000200000	0.451200000
0.000200000	0.451600000
0.000200000	0.452800000
0.000200000	0.454200000
0.000200000	0.454600000
0.000200000	0.455600000
0.000200000	0.456000000
0.000200000	0.456200000
0.000200000	0.456600000
0.000200000	0.457600000
0.000200000	0.458000000
0.000200000	0.459800000
0.000200000	0.460200000
0.000200000	0.460400000
0.000200000	0.461200000
0.000200000	0.462800000
0.000200000	0.463200000
0.000200000	0.463400000
0.000200000	0.463800000
0.000200000	0.466600000
0.000200000	0.467400000
0.000200000	0.468000000
0.000200000	0.468200000
0.000200000	0.468800000
0.000200000	0.471600000
0.000200000	0.472200000
0.000200000	0.473600000
0.000200000	0.474000000
0.000200000	0.481000000
0.000200000	0.481400000
0.000200000	0.484600000
0.000200000	0.485200000
0.000200000	0.486600000
0.000200000	0.487200000
0.000200000	0.487600000
0.000200000	0.488400000
0.000200000	0.488800000
0.000200000	0.489400000
0.000200000	0.489800000
0.000200000	0.490600000
0.000200000	0.491000000
0.000200000	0.491400000
0.000200000	0.492600000
0.000200000	0.494200000
0.000200000	0.494600000
0.000200000	0.496000000
0.000200000	0.496400000
0.000400000	0.496600000
0.000400000	0.497200000
0.000400000	0.498000000
0.000400000	0.499200000
0.000400000	0.499800000
0.000400000	0.501200000
0.000400000	0.501600000
0.000400000	0.502600000
0.000400000	0.503000000
0.000400000	0.503800000
0.000400000	0.504200000
0.000400000	0.505200000
0.000400000	0.505800000
0.000400000	0.509200000
0.000400000	0.510000000
0.000400000	0.512200000
0.000400000	0.512600000
0.000400000	0.512800000
0.000400000	0.513200000
0.000400000	0.514000000
0.000400000	0.514400000
0.000400000	0.514800000
0.000400000	0.515200000
0.000400000	0.517000000
0.000400000	0.517400000
0.000400000	0.518600000
0.000400000	0.519000000
0.000400000	0.521000000
0.000400000	0.521400000
0.000400000	0.521800000
0.000400000	0.522200000
0.000400000	0.522400000
0.000600000	0.522600000
0.000600000	0.523200000
0.000600000	0.523600000
0.000600000	0.524200000
0.000600000	0.524600000
0.000600000	0.525400000
0.000600000	0.525800000
0.000600000	0.526600000
0.000600000	0.527000000
0.000600000	0.527600000
0.000600000	0.528000000
0.000600000	0.530800000
0.000600000	0.531200000
0.000600000	0.532000000
0.000600000	0.532400000
0.000600000	0.533200000
0.000600000	0.533600000
0.000600000	0.539000000
0.000600000	0.539400000
0.000600000	0.540200000
0.000600000	0.540800000
0.000600000	0.542400000
0.000600000	0.542800000
0.000600000	0.543600000
0.000600000	0.544000000
0.000600000	0.544400000
0.000600000	0.544800000
0.000600000	0.548800000
0.000600000	0.549200000
0.000600000	0.549600000
0.000600000	0.550400000
0.000600000	0.554000000
0.000600000	0.554400000
0.000600000	0.554800000
0.000800000	0.554800000
0.000800000	0.555600000
0.000800000	0.556000000
0.000800000	0.559800000
0.000800000	0.560200000
0.000800000	0.561000000
0.000800000	0.561400000
0.000800000	0.565400000
0.000800000	0.565800000
0.000800000	0.567400000
0.000800000	0.567800000
0.000800000	0.569000000
0.001000000	0.569000000
0.001000000	0.569600000
0.001000000	0.570000000
0.001000000	0.570200000
0.001000000	0.570600000
0.001000000	0.572000000
0.001000000	0.572400000
0.001000000	0.572800000
0.001000000	0.573200000
0.001000000	0.583400000
0.001000000	0.583800000
0.001000000	0.584800000
0.001000000	0.585200000
0.001200000	0.585200000
0.001200000	0.586000000
0.001200000	0.586400000
0.001200000	0.590400000
0.001200000	0.591200000
0.001200000	0.591400000
0.001200000	0.591800000
0.001200000	0.598600000
0.001200000	0.599000000
0.001200000	0.600200000
0.001200000	0.601000000
0.001200000	0.606800000
0.001200000	0.607200000
0.001200000	0.621200000
0.001200000	0.621600000
0.001200000	0.629000000
0.001200000	0.629400000
0.001200000	0.640400000
0.001200000	0.640800000
0.001200000	0.663800000
0.001200000	0.664200000
0.001200000	0.677000000
0.001400000	0.677000000
0.001400000	0.677400000
0.001600000	0.677400000
0.001600000	0.681200000
0.001800000	0.681200000
0.001800000	0.691000000
0.001800000	0.691400000
0.001800000	0.692400000
0.001800000	0.692800000
0.001800000	0.693400000
0.002000000	0.693400000
0.002000000	0.694200000
0.002000000	0.694600000
0.002000000	0.701000000
0.002200000	0.701000000
0.002200000	0.712800000
0.002400000	0.712800000
0.002400000	0.718000000
0.002400000	0.718400000
0.002400000	0.732600000
0.002600000	0.732600000
0.002600000	0.736400000
0.002800000	0.736400000
0.002800000	0.737200000
0.003000000	0.737200000
0.003000000	0.737600000
0.003200000	0.737600000
0.003200000	0.739000000
0.003400000	0.739000000
0.003400000	0.741400000
0.003600000	0.741400000
0.003600000	0.741600000
0.003800000	0.741600000
0.003800000	0.745000000
0.004000000	0.745000000
0.004000000	0.749600000
0.004200000	0.749600000
0.004200000	0.750200000
0.004400000	0.750200000
0.004400000	0.751800000
0.004600000	0.751800000
0.004600000	0.753800000
0.004800000	0.753800000
0.004800000	0.755600000
0.005000000	0.755600000
0.005000000	0.760600000
0.005400000	0.760600000
0.005400000	0.763800000
0.005800000	0.763800000
0.005800000	0.766000000
0.006000000	0.766000000
0.006000000	0.769200000
0.006200000	0.769200000
0.006200000	0.770600000
0.006400000	0.770600000
0.006400000	0.770800000
0.006600000	0.770800000
0.006600000	0.771600000
0.006800000	0.771600000
0.006800000	0.775600000
0.007000000	0.775600000
0.007000000	0.778800000
0.007400000	0.778800000
0.007400000	0.779000000
0.007600000	0.779000000
0.007600000	0.779600000
0.007800000	0.779600000
0.007800000	0.780400000
0.008000000	0.780400000
0.008000000	0.782000000
0.008200000	0.782000000
0.008200000	0.782200000
0.008400000	0.782200000
0.008400000	0.783200000
0.008600000	0.783200000
0.008600000	0.784400000
0.008800000	0.784400000
0.008800000	0.786200000
0.009000000	0.786200000
0.009000000	0.787000000
0.009200000	0.787000000
0.009200000	0.787200000
0.009400000	0.787200000
0.009400000	0.787800000
0.009800000	0.787800000
0.009800000	0.788600000
0.010000000	0.788600000
0.010000000	0.789200000
0.010200000	0.789200000
0.010200000	0.789400000
0.010400000	0.789400000
0.010400000	0.790200000
0.010800000	0.790200000
0.010800000	0.791000000
0.011200000	0.791000000
0.011200000	0.792000000
0.011400000	0.792000000
0.011400000	0.792800000
0.011600000	0.792800000
0.011600000	0.793000000
0.011800000	0.793000000
0.011800000	0.793600000
0.012000000	0.793600000
0.012000000	0.793800000
0.012200000	0.793800000
0.012200000	0.794000000
0.012400000	0.794000000
0.012400000	0.795200000
0.012600000	0.795200000
0.012600000	0.795600000
0.012800000	0.795600000
0.012800000	0.795800000
0.013000000	0.795800000
0.013000000	0.799000000
0.013800000	0.799000000
0.013800000	0.799400000
0.014200000	0.799400000
0.014200000	0.800400000
0.014600000	0.800400000
0.014600000	0.801800000
0.015200000	0.801800000
0.015200000	0.802200000
0.015800000	0.802200000
0.015800000	0.802800000
0.016000000	0.802800000
0.016000000	0.803200000
0.016200000	0.803200000
0.016200000	0.803400000
0.016600000	0.803400000
0.016600000	0.803600000
0.016800000	0.803600000
0.016800000	0.804000000
0.017000000	0.804000000
0.017000000	0.804400000
0.017200000	0.804400000
0.017200000	0.804600000
0.017400000	0.804600000
0.017400000	0.805200000
0.018000000	0.805200000
0.018000000	0.805600000
0.018200000	0.805600000
0.018200000	0.806600000
0.018400000	0.806600000
0.018400000	0.807000000
0.018600000	0.807000000
0.018600000	0.807200000
0.018800000	0.807200000
0.018800000	0.808200000
0.019000000	0.808200000
0.019000000	0.808600000
0.019200000	0.808600000
0.019200000	0.808800000
0.019600000	0.808800000
0.019600000	0.809000000
0.019800000	0.809000000
0.019800000	0.809400000
0.020200000	0.809400000
0.020200000	0.809600000
0.020800000	0.809600000
0.020800000	0.809800000
0.021000000	0.809800000
0.021000000	0.810000000
0.021200000	0.810000000
0.021200000	0.810200000
0.021400000	0.810200000
0.021400000	0.810800000
0.021800000	0.810800000
0.021800000	0.811000000
0.022000000	0.811000000
0.022000000	0.811600000
0.022400000	0.811600000
0.022400000	0.812800000
0.022600000	0.812800000
0.022600000	0.813400000
0.022800000	0.813400000
0.022800000	0.813800000
0.023000000	0.813800000
0.023000000	0.814200000
0.023600000	0.814200000
0.023600000	0.814400000
0.023800000	0.814400000
0.023800000	0.817200000
0.024000000	0.817200000
0.024000000	0.817600000
0.025000000	0.817600000
0.025000000	0.818600000
0.025600000	0.818600000
0.025600000	0.819400000
0.026000000	0.819400000
0.026000000	0.819600000
0.026200000	0.819600000
0.026200000	0.820200000
0.026600000	0.820200000
0.026600000	0.820400000
0.026800000	0.820400000
0.026800000	0.820800000
0.027000000	0.820800000
0.027000000	0.821400000
0.027200000	0.821400000
0.027200000	0.822000000
0.027400000	0.822000000
0.027400000	0.822400000
0.027800000	0.822400000
0.027800000	0.823200000
0.028200000	0.823200000
0.028200000	0.823600000
0.028400000	0.823600000
0.028400000	0.824600000
0.028800000	0.824600000
0.028800000	0.825200000
0.029000000	0.825200000
0.029000000	0.825400000
0.029600000	0.825400000
0.029600000	0.826200000
0.029800000	0.826200000
0.029800000	0.826400000
0.030200000	0.826400000
0.030200000	0.826800000
0.030400000	0.826800000
0.030400000	0.827000000
0.030600000	0.827000000
0.030600000	0.827400000
0.030800000	0.827400000
0.030800000	0.828800000
0.031600000	0.828800000
0.031600000	0.829200000
0.031800000	0.829200000
0.031800000	0.830200000
0.032000000	0.830200000
0.032000000	0.830400000
0.032200000	0.830400000
0.032200000	0.830600000
0.032400000	0.830600000
0.032400000	0.830800000
0.032600000	0.830800000
0.032600000	0.832000000
0.032800000	0.832000000
0.032800000	0.832400000
0.033600000	0.832400000
0.033600000	0.832600000
0.033800000	0.832600000
0.033800000	0.833000000
0.034200000	0.833000000
0.034200000	0.833200000
0.034800000	0.833200000
0.034800000	0.833400000
0.035000000	0.833400000
0.035000000	0.833600000
0.035200000	0.833600000
0.035200000	0.833800000
0.035400000	0.833800000
0.035400000	0.834200000
0.035800000	0.834200000
0.035800000	0.834800000
0.036000000	0.834800000
0.036000000	0.835000000
0.037200000	0.835000000
0.037200000	0.835200000
0.038000000	0.835200000
0.038000000	0.835400000
0.038200000	0.835400000
0.038200000	0.835600000
0.038400000	0.835600000
0.038400000	0.835800000
0.039000000	0.835800000
0.039000000	0.836200000
0.039400000	0.836200000
0.039400000	0.837000000
0.039600000	0.837000000
0.039600000	0.838400000
0.040000000	0.838400000
0.040000000	0.838800000
0.040800000	0.838800000
0.040800000	0.839200000
0.041000000	0.839200000
0.041000000	0.840200000
0.042000000	0.840200000
0.042000000	0.840400000
0.042400000	0.840400000
0.042400000	0.841400000
0.042800000	0.841400000
0.042800000	0.841800000
0.043600000	0.841800000
0.043600000	0.842600000
0.043800000	0.842600000
0.043800000	0.842800000
0.044000000	0.842800000
0.044000000	0.843000000
0.044800000	0.843000000
0.044800000	0.843400000
0.045000000	0.843400000
0.045000000	0.844000000
0.045400000	0.844000000
0.045400000	0.844200000
0.045600000	0.844200000
0.045600000	0.844400000
0.046600000	0.844400000
0.046600000	0.844600000
0.047200000	0.844600000
0.047200000	0.845000000
0.048600000	0.845000000
0.048600000	0.845400000
0.049000000	0.845400000
0.049000000	0.845600000
0.049400000	0.845600000
0.049400000	0.846000000
0.049600000	0.846000000
0.049600000	0.846200000
0.051000000	0.846200000
0.051000000	0.846400000
0.051200000	0.846400000
0.051200000	0.846800000
0.051800000	0.846800000
0.051800000	0.847800000
0.052000000	0.847800000
0.052000000	0.848000000
0.052400000	0.848000000
0.052400000	0.848200000
0.053000000	0.848200000
0.053000000	0.849000000
0.053400000	0.849000000
0.053400000	0.849200000
0.053600000	0.849200000
0.053600000	0.849400000
0.054000000	0.849400000
0.054000000	0.850200000
0.054600000	0.850200000
0.054600000	0.850600000
0.054800000	0.850600000
0.054800000	0.850800000
0.055000000	0.850800000
0.055000000	0.851000000
0.055400000	0.851000000
0.055400000	0.851200000
0.055600000	0.851200000
0.055600000	0.851400000
0.056200000	0.851400000
0.056200000	0.851600000
0.056400000	0.851600000
0.056400000	0.851800000
0.057000000	0.851800000
0.057000000	0.852000000
0.057400000	0.852000000
0.057400000	0.852200000
0.057600000	0.852200000
0.057600000	0.852400000
0.058000000	0.852400000
0.058000000	0.852800000
0.058800000	0.852800000
0.058800000	0.853000000
0.059400000	0.853000000
0.059400000	0.853200000
0.059600000	0.853200000
0.059600000	0.853400000
0.059800000	0.853400000
0.059800000	0.853600000
0.060400000	0.853600000
0.060400000	0.853800000
0.060800000	0.853800000
0.060800000	0.854000000
0.061400000	0.854000000
0.061400000	0.854200000
0.061800000	0.854200000
0.061800000	0.854400000
0.062000000	0.854400000
0.062000000	0.854800000
0.062200000	0.854800000
0.062200000	0.855000000
0.062600000	0.855000000
0.062600000	0.855800000
0.063000000	0.855800000
0.063000000	0.856000000
0.063400000	0.856000000
0.063400000	0.856200000
0.063600000	0.856200000
0.063600000	0.856400000
0.064000000	0.856400000
0.064000000	0.856600000
0.064800000	0.856600000
0.064800000	0.856800000
0.065400000	0.856800000
0.065400000	0.857200000
0.065800000	0.857200000
0.065800000	0.857600000
0.066000000	0.857600000
0.066000000	0.857800000
0.066200000	0.857800000
0.066200000	0.858000000
0.066600000	0.858000000
0.066600000	0.858200000
0.067600000	0.858200000
0.067600000	0.858600000
0.067800000	0.858600000
0.067800000	0.859200000
0.070400000	0.859200000
0.070400000	0.859600000
0.070800000	0.859600000
0.070800000	0.859800000
0.071800000	0.859800000
0.071800000	0.860000000
0.072000000	0.860000000
0.072000000	0.860200000
0.073000000	0.860200000
0.073000000	0.860400000
0.073400000	0.860400000
0.073400000	0.860600000
0.075800000	0.860600000
0.075800000	0.860800000
0.076000000	0.860800000
0.076000000	0.861000000
0.076200000	0.861000000
0.076200000	0.861200000
0.076400000	0.861200000
0.076400000	0.861800000
0.077200000	0.861800000
0.077200000	0.862000000
0.077800000	0.862000000
0.077800000	0.862200000
0.078000000	0.862200000
0.078000000	0.862400000
0.079600000	0.862400000
0.079600000	0.862800000
0.079800000	0.862800000
0.079800000	0.863000000
0.080000000	0.863000000
0.080000000	0.863200000
0.081000000	0.863200000
0.081000000	0.863400000
0.081200000	0.863400000
0.081200000	0.863600000
0.081800000	0.863600000
0.081800000	0.864000000
0.083600000	0.864000000
0.083600000	0.864200000
0.084000000	0.864200000
0.084000000	0.864400000
0.084400000	0.864400000
0.084400000	0.864600000
0.084600000	0.864600000
0.084600000	0.864800000
0.084800000	0.864800000
0.084800000	0.865000000
0.085000000	0.865000000
0.085000000	0.866000000
0.085400000	0.866000000
0.085400000	0.866400000
0.085600000	0.866400000
0.085600000	0.866600000
0.085800000	0.866600000
0.085800000	0.866800000
0.086200000	0.866800000
0.086200000	0.867000000
0.086600000	0.867000000
0.086600000	0.867400000
0.087800000	0.867400000
0.087800000	0.868200000
0.088600000	0.868200000
0.088600000	0.868400000
0.088800000	0.868400000
0.088800000	0.868600000
0.089000000	0.868600000
0.089000000	0.868800000
0.089200000	0.868800000
0.089200000	0.869800000
0.090400000	0.869800000
0.090400000	0.870400000
0.090800000	0.870400000
0.090800000	0.871000000
0.091400000	0.871000000
0.091400000	0.871200000
0.092800000	0.871200000
0.092800000	0.871400000
0.093600000	0.871400000
0.093600000	0.871600000
0.093800000	0.871600000
0.093800000	0.871800000
0.094000000	0.871800000
0.094000000	0.872200000
0.095000000	0.872200000
0.095000000	0.872400000
0.095600000	0.872400000
0.095600000	0.872800000
0.096000000	0.872800000
0.096000000	0.873000000
0.096200000	0.873000000
0.096200000	0.873200000
0.097200000	0.873200000
0.097200000	0.873400000
0.097400000	0.873400000
0.097400000	0.873600000
0.099800000	0.873600000
0.099800000	0.873800000
0.100000000	0.873800000
0.100000000	0.874000000
0.100400000	0.874000000
0.100400000	0.874200000
0.100600000	0.874200000
0.100600000	0.874400000
0.101000000	0.874400000
0.101000000	0.874600000
0.101400000	0.874600000
0.101400000	0.874800000
0.101800000	0.874800000
0.101800000	0.875000000
0.102000000	0.875000000
0.102000000	0.875200000
0.102600000	0.875200000
0.102600000	0.875400000
0.103200000	0.875400000
0.103200000	0.875800000
0.104200000	0.875800000
0.104200000	0.876000000
0.104800000	0.876000000
0.104800000	0.876200000
0.105200000	0.876200000
0.105200000	0.876400000
0.105800000	0.876400000
0.105800000	0.877000000
0.107200000	0.877000000
0.107200000	0.877200000
0.108800000	0.877200000
0.108800000	0.877400000
0.109000000	0.877400000
0.109000000	0.878000000
0.109600000	0.878000000
0.109600000	0.878200000
0.110000000	0.878200000
0.110000000	0.878400000
0.110400000	0.878400000
0.110400000	0.879000000
0.111000000	0.879000000
0.111000000	0.879200000
0.111400000	0.879200000
0.111400000	0.879400000
0.111800000	0.879400000
0.111800000	0.879600000
0.112400000	0.879600000
0.112400000	0.879800000
0.112800000	0.879800000
0.112800000	0.880000000
0.113200000	0.880000000
0.113200000	0.880200000
0.113400000	0.880200000
0.113400000	0.880400000
0.114600000	0.880400000
0.114600000	0.880600000
0.114800000	0.880600000
0.114800000	0.880800000
0.115200000	0.880800000
0.115200000	0.881000000
0.116400000	0.881000000
0.116400000	0.881400000
0.117000000	0.881400000
0.117000000	0.881600000
0.118200000	0.881600000
0.118200000	0.881800000
0.118800000	0.881800000
0.118800000	0.882000000
0.119200000	0.882000000
0.119200000	0.882200000
0.119600000	0.882200000
0.119600000	0.882600000
0.119800000	0.882600000
0.119800000	0.882800000
0.120000000	0.882800000
0.120000000	0.883000000
0.120400000	0.883000000
0.120400000	0.883200000
0.120800000	0.883200000
0.120800000	0.883400000
0.122000000	0.883400000
0.122000000	0.883600000
0.122400000	0.883600000
0.122400000	0.883800000
0.122600000	0.883800000
0.122600000	0.884400000
0.123000000	0.884400000
0.123000000	0.884800000
0.125200000	0.884800000
0.125200000	0.885000000
0.125800000	0.885000000
0.125800000	0.885400000
0.126200000	0.885400000
0.126200000	0.885600000
0.128800000	0.885600000
0.128800000	0.885800000
0.129400000	0.885800000
0.129400000	0.886000000
0.129600000	0.886000000
0.129600000	0.886400000
0.130200000	0.886400000
0.130200000	0.886600000
0.131400000	0.886600000
0.131400000	0.886800000
0.132000000	0.886800000
0.132000000	0.887000000
0.133800000	0.887000000
0.133800000	0.887200000
0.134200000	0.887200000
0.134200000	0.887400000
0.135600000	0.887400000
0.135600000	0.887600000
0.136400000	0.887600000
0.136400000	0.888000000
0.137400000	0.888000000
0.137400000	0.888200000
0.139000000	0.888200000
0.139000000	0.888600000
0.139400000	0.888600000
0.139400000	0.888800000
0.140200000	0.888800000
0.140200000	0.889000000
0.140800000	0.889000000
0.140800000	0.889200000
0.142400000	0.889200000
0.142400000	0.889600000
0.143600000	0.889600000
0.143600000	0.889800000
0.143800000	0.889800000
0.143800000	0.890000000
0.144000000	0.890000000
0.144000000	0.890600000
0.144600000	0.890600000
0.144600000	0.890800000
0.145400000	0.890800000
0.145400000	0.891200000
0.145800000	0.891200000
0.145800000	0.891600000
0.147200000	0.891600000
0.147200000	0.891800000
0.147600000	0.891800000
0.147600000	0.892000000
0.147800000	0.892000000
0.147800000	0.892200000
0.148000000	0.892200000
0.148000000	0.892400000
0.149400000	0.892400000
0.149400000	0.892600000
0.149600000	0.892600000
0.149600000	0.892800000
0.150600000	0.892800000
0.150600000	0.893400000
0.150800000	0.893400000
0.150800000	0.893800000
0.151000000	0.893800000
0.151000000	0.894000000
0.151200000	0.894000000
0.151200000	0.894400000
0.151800000	0.894400000
0.151800000	0.895000000
0.152200000	0.895000000
0.152200000	0.895200000
0.153400000	0.895200000
0.153400000	0.895400000
0.153600000	0.895400000
0.153600000	0.895600000
0.153800000	0.895600000
0.153800000	0.895800000
0.154400000	0.895800000
0.154400000	0.896400000
0.154800000	0.896400000
0.154800000	0.897000000
0.155400000	0.897000000
0.155400000	0.897400000
0.157000000	0.897400000
0.157000000	0.897600000
0.158200000	0.897600000
0.158200000	0.897800000
0.158600000	0.897800000
0.158600000	0.898000000
0.159000000	0.898000000
0.159000000	0.898200000
0.160200000	0.898200000
0.160200000	0.898400000
0.162600000	0.898400000
0.162600000	0.898600000
0.163400000	0.898600000
0.163400000	0.898800000
0.164200000	0.898800000
0.164200000	0.899000000
0.165800000	0.899000000
0.165800000	0.899400000
0.166800000	0.899400000
0.166800000	0.899600000
0.167600000	0.899600000
0.167600000	0.899800000
0.168000000	0.899800000
0.168000000	0.900000000
0.171800000	0.900000000
0.171800000	0.900200000
0.172400000	0.900200000
0.172400000	0.900400000
0.172800000	0.900400000
0.172800000	0.900600000
0.173800000	0.900600000
0.173800000	0.900800000
0.175600000	0.900800000
0.175600000	0.901200000
0.175800000	0.901200000
0.175800000	0.901400000
0.179000000	0.901400000
0.179000000	0.901600000
0.179400000	0.901600000
0.179400000	0.901800000
0.181000000	0.901800000
0.181000000	0.902000000
0.181200000	0.902000000
0.181200000	0.902200000
0.181400000	0.902200000
0.181400000	0.902400000
0.182400000	0.902400000
0.182400000	0.902600000
0.182800000	0.902600000
0.182800000	0.902800000
0.183600000	0.902800000
0.183600000	0.903000000
0.185600000	0.903000000
0.185600000	0.903200000
0.188000000	0.903200000
0.188000000	0.903400000
0.188800000	0.903400000
0.188800000	0.903800000
0.189400000	0.903800000
0.189400000	0.904000000
0.189800000	0.904000000
0.189800000	0.904200000
0.190200000	0.904200000
0.190200000	0.904400000
0.194400000	0.904400000
0.194400000	0.904600000
0.195600000	0.904600000
0.195600000	0.904800000
0.197600000	0.904800000
0.197600000	0.905000000
0.198400000	0.905000000
0.198400000	0.905200000
0.198600000	0.905200000
0.198600000	0.905400000
0.199200000	0.905400000
0.199200000	0.905600000
0.199600000	0.905600000
0.199600000	0.906000000
0.200200000	0.906000000
0.200200000	0.906200000
0.200400000	0.906200000
0.200400000	0.906400000
0.200600000	0.906400000
0.200600000	0.906600000
0.201000000	0.906600000
0.201000000	0.906800000
0.204000000	0.906800000
0.204000000	0.907000000
0.205400000	0.907000000
0.205400000	0.907600000
0.206000000	0.907600000
0.206000000	0.907800000
0.207200000	0.907800000
0.207200000	0.908000000
0.208200000	0.908000000
0.208200000	0.908200000
0.209000000	0.908200000
0.209000000	0.908400000
0.209400000	0.908400000
0.209400000	0.908600000
0.211200000	0.908600000
0.211200000	0.908800000
0.211600000	0.908800000
0.211600000	0.909000000
0.212800000	0.909000000
0.212800000	0.909200000
0.213000000	0.909200000
0.213000000	0.909400000
0.214400000	0.909400000
0.214400000	0.909600000
0.214800000	0.909600000
0.214800000	0.910000000
0.215800000	0.910000000
0.215800000	0.910200000
0.221000000	0.910200000
0.221000000	0.910400000
0.221200000	0.910400000
0.221200000	0.910600000
0.221400000	0.910600000
0.221400000	0.911000000
0.222000000	0.911000000
0.222000000	0.911200000
0.223600000	0.911200000
0.223600000	0.911400000
0.224000000	0.911400000
0.224000000	0.911600000
0.224200000	0.911600000
0.224200000	0.911800000
0.225400000	0.911800000
0.225400000	0.912000000
0.225800000	0.912000000
0.225800000	0.912200000
0.226600000	0.912200000
0.226600000	0.912400000
0.227000000	0.912400000
0.227000000	0.912600000
0.227800000	0.912600000
0.227800000	0.912800000
0.230000000	0.912800000
0.230000000	0.913000000
0.231400000	0.913000000
0.231400000	0.913200000
0.232000000	0.913200000
0.232000000	0.913400000
0.232400000	0.913400000
0.232400000	0.913600000
0.234400000	0.913600000
0.234400000	0.913800000
0.234800000	0.913800000
0.234800000	0.914000000
0.235200000	0.914000000
0.235200000	0.914200000
0.235600000	0.914200000
0.235600000	0.914400000
0.236200000	0.914400000
0.236200000	0.914600000
0.241200000	0.914600000
0.241200000	0.914800000
0.241600000	0.914800000
0.241600000	0.915000000
0.241800000	0.915000000
0.241800000	0.915200000
0.242400000	0.915200000
0.242400000	0.915400000
0.242800000	0.915400000
0.242800000	0.915600000
0.243400000	0.915600000
0.243400000	0.915800000
0.247000000	0.915800000
0.247000000	0.916000000
0.249200000	0.916000000
0.249200000	0.916400000
0.250600000	0.916400000
0.250600000	0.916600000
0.251000000	0.916600000
0.251000000	0.916800000
0.252600000	0.916800000
0.252600000	0.917000000
0.253000000	0.917000000
0.253000000	0.917400000
0.255000000	0.917400000
0.255000000	0.917600000
0.255600000	0.917600000
0.255600000	0.917800000
0.256800000	0.917800000
0.256800000	0.918000000
0.259200000	0.918000000
0.259200000	0.918200000
0.259600000	0.918200000
0.259600000	0.918400000
0.260000000	0.918400000
0.260000000	0.918600000
0.261600000	0.918600000
0.261600000	0.918800000
0.262000000	0.918800000
0.262000000	0.919000000
0.263800000	0.919000000
0.263800000	0.919400000
0.266400000	0.919400000
0.266400000	0.919600000
0.268000000	0.919600000
0.268000000	0.919800000
0.268200000	0.919800000
0.268200000	0.920000000
0.268400000	0.920000000
0.268400000	0.920200000
0.269200000	0.920200000
0.269200000	0.920400000
0.271800000	0.920400000
0.271800000	0.920600000
0.273200000	0.920600000
0.273200000	0.920800000
0.273800000	0.920800000
0.273800000	0.921000000
0.274200000	0.921000000
0.274200000	0.921200000
0.275000000	0.921200000
0.275000000	0.921600000
0.276600000	0.921600000
0.276600000	0.921800000
0.279000000	0.921800000
0.279000000	0.922200000
0.279800000	0.922200000
0.279800000	0.922400000
0.282800000	0.922400000
0.282800000	0.922600000
0.283000000	0.922600000
0.283000000	0.923000000
0.286000000	0.923000000
0.286000000	0.923200000
0.287000000	0.923200000
0.287000000	0.923400000
0.288200000	0.923400000
0.288200000	0.923800000
0.292000000	0.923800000
0.292000000	0.924000000
0.294200000	0.924000000
0.294200000	0.924200000
0.294400000	0.924200000
0.294400000	0.924400000
0.295800000	0.924400000
0.295800000	0.924800000
0.296800000	0.924800000
0.296800000	0.925000000
0.297600000	0.925000000
0.297600000	0.925200000
0.299800000	0.925200000
0.299800000	0.925400000
0.301200000	0.925400000
0.301200000	0.925600000
0.303200000	0.925600000
0.303200000	0.925800000
0.305800000	0.925800000
0.305800000	0.926000000
0.306600000	0.926000000
0.306600000	0.926200000
0.306800000	0.926200000
0.306800000	0.926400000
0.308200000	0.926400000
0.308200000	0.926600000
0.309200000	0.926600000
0.309200000	0.926800000
0.310800000	0.926800000
0.310800000	0.927000000
0.311200000	0.927000000
0.311200000	0.927400000
0.311600000	0.927400000
0.311600000	0.927600000
0.315200000	0.927600000
0.315200000	0.928000000
0.315400000	0.928000000
0.315400000	0.928200000
0.316800000	0.928200000
0.316800000	0.928400000
0.317200000	0.928400000
0.317200000	0.928600000
0.317600000	0.928600000
0.317600000	0.928800000
0.318400000	0.928800000
0.318400000	0.929000000
0.320800000	0.929000000
0.320800000	0.929200000
0.322400000	0.929200000
0.322400000	0.929400000
0.324000000	0.929400000
0.324000000	0.929800000
0.325200000	0.929800000
0.325200000	0.930200000
0.327200000	0.930200000
0.327200000	0.930400000
0.328000000	0.930400000
0.328000000	0.930600000
0.328400000	0.930600000
0.328400000	0.930800000
0.330000000	0.930800000
0.330000000	0.931000000
0.330200000	0.931000000
0.330200000	0.931400000
0.331200000	0.931400000
0.331200000	0.931600000
0.331400000	0.931600000
0.331400000	0.931800000
0.333200000	0.931800000
0.333200000	0.932200000
0.336400000	0.932200000
0.336400000	0.932400000
0.337000000	0.932400000
0.337000000	0.932600000
0.339600000	0.932600000
0.339600000	0.932800000
0.343600000	0.932800000
0.343600000	0.933000000
0.344200000	0.933000000
0.344200000	0.933200000
0.348000000	0.933200000
0.348000000	0.933400000
0.349000000	0.933400000
0.349000000	0.933600000
0.351600000	0.933600000
0.351600000	0.933800000
0.352000000	0.933800000
0.352000000	0.934000000
0.354400000	0.934000000
0.354400000	0.934200000
0.355400000	0.934200000
0.355400000	0.934400000
0.357200000	0.934400000
0.357200000	0.934600000
0.359000000	0.934600000
0.359000000	0.934800000
0.360000000	0.934800000
0.360000000	0.935000000
0.361400000	0.935000000
0.361400000	0.935200000
0.362200000	0.935200000
0.362200000	0.935400000
0.363200000	0.935400000
0.363200000	0.935600000
0.364600000	0.935600000
0.364600000	0.935800000
0.365400000	0.935800000
0.365400000	0.936000000
0.366600000	0.936000000
0.366600000	0.936200000
0.367800000	0.936200000
0.367800000	0.936400000
0.368400000	0.936400000
0.368400000	0.936600000
0.368600000	0.936600000
0.368600000	0.936800000
0.371000000	0.936800000
0.371000000	0.937000000
0.371200000	0.937000000
0.371200000	0.937200000
0.371600000	0.937200000
0.371600000	0.937400000
0.372800000	0.937400000
0.372800000	0.937600000
0.377000000	0.937600000
0.377000000	0.938200000
0.378600000	0.938200000
0.378600000	0.938400000
0.384000000	0.938400000
0.384000000	0.938800000
0.385000000	0.938800000
0.385000000	0.939000000
0.386200000	0.939000000
0.386200000	0.939200000
0.387000000	0.939200000
0.387000000	0.939400000
0.387800000	0.939400000
0.387800000	0.939600000
0.388400000	0.939600000
0.388400000	0.939800000
0.389200000	0.939800000
0.389200000	0.940000000
0.391000000	0.940000000
0.391000000	0.940200000
0.392800000	0.940200000
0.392800000	0.940400000
0.398000000	0.940400000
0.398000000	0.940600000
0.400200000	0.940600000
0.400200000	0.940800000
0.400600000	0.940800000
0.400600000	0.941000000
0.401400000	0.941000000
0.401400000	0.941200000
0.402600000	0.941200000
0.402600000	0.941400000
0.406400000	0.941400000
0.406400000	0.941600000
0.409000000	0.941600000
0.409000000	0.941800000
0.410600000	0.941800000
0.410600000	0.942000000
0.412200000	0.942000000
0.412200000	0.942200000
0.414000000	0.942200000
0.414000000	0.942400000
0.414800000	0.942400000
0.414800000	0.942600000
0.418200000	0.942600000
0.418200000	0.942800000
0.419600000	0.942800000
0.419600000	0.943000000
0.421000000	0.943000000
0.421000000	0.943400000
0.423000000	0.943400000
0.423000000	0.943600000
0.425200000	0.943600000
0.425200000	0.943800000
0.425800000	0.943800000
0.425800000	0.944000000
0.428000000	0.944000000
0.428000000	0.944200000
0.428800000	0.944200000
0.428800000	0.944600000
0.429200000	0.944600000
0.429200000	0.944800000
0.430200000	0.944800000
0.430200000	0.945000000
0.431800000	0.945000000
0.431800000	0.945200000
0.432600000	0.945200000
0.432600000	0.945400000
0.435400000	0.945400000
0.435400000	0.945800000
0.436400000	0.945800000
0.436400000	0.946000000
0.439200000	0.946000000
0.439200000	0.946200000
0.440400000	0.946200000
0.440400000	0.946400000
0.442800000	0.946400000
0.442800000	0.946600000
0.443400000	0.946600000
0.443400000	0.946800000
0.446200000	0.946800000
0.446200000	0.947000000
0.446600000	0.947000000
0.446600000	0.947200000
0.448000000	0.947200000
0.448000000	0.947400000
0.450200000	0.947400000
0.450200000	0.947600000
0.451800000	0.947600000
0.451800000	0.947800000
0.452200000	0.947800000
0.452200000	0.948000000
0.452400000	0.948000000
0.452400000	0.948400000
0.452800000	0.948400000
0.452800000	0.948600000
0.454600000	0.948600000
0.454600000	0.948800000
0.455800000	0.948800000
0.455800000	0.949000000
0.456800000	0.949000000
0.456800000	0.949200000
0.460200000	0.949200000
0.460200000	0.949400000
0.461600000	0.949400000
0.461600000	0.949600000
0.461800000	0.949600000
0.461800000	0.950000000
0.464400000	0.950000000
0.464400000	0.950200000
0.472400000	0.950200000
0.472400000	0.950400000
0.472800000	0.950400000
0.472800000	0.950600000
0.477000000	0.950600000
0.477000000	0.951000000
0.477400000	0.951000000
0.477400000	0.951400000
0.478800000	0.951400000
0.478800000	0.951600000
0.485800000	0.951600000
0.485800000	0.951800000
0.488600000	0.951800000
0.488600000	0.952000000
0.489600000	0.952000000
0.489600000	0.952600000
0.491800000	0.952600000
0.491800000	0.952800000
0.492200000	0.952800000
0.492200000	0.953000000
0.492600000	0.953000000
0.492600000	0.953200000
0.494400000	0.953200000
0.494400000	0.953400000
0.495000000	0.953400000
0.495000000	0.953600000
0.497600000	0.953600000
0.497600000	0.953800000
0.499400000	0.953800000
0.499400000	0.954000000
0.502200000	0.954000000
0.502200000	0.954200000
0.502400000	0.954200000
0.502400000	0.954400000
0.503200000	0.954400000
0.503200000	0.954600000
0.504200000	0.954600000
0.504200000	0.954800000
0.504800000	0.954800000
0.504800000	0.955200000
0.507400000	0.955200000
0.507400000	0.955400000
0.508600000	0.955400000
0.508600000	0.955600000
0.510400000	0.955600000
0.510400000	0.955800000
0.513400000	0.955800000
0.513400000	0.956000000
0.514400000	0.956000000
0.514400000	0.956200000
0.514600000	0.956200000
0.514600000	0.956400000
0.516800000	0.956400000
0.516800000	0.956600000
0.518000000	0.956600000
0.518000000	0.956800000
0.519600000	0.956800000
0.519600000	0.957000000
0.520400000	0.957000000
0.520400000	0.957200000
0.521400000	0.957200000
0.521400000	0.957400000
0.524600000	0.957400000
0.524600000	0.957600000
0.525000000	0.957600000
0.525000000	0.957800000
0.526800000	0.957800000
0.526800000	0.958000000
0.529200000	0.958000000
0.529200000	0.958200000
0.531200000	0.958200000
0.531200000	0.958400000
0.536000000	0.958400000
0.536000000	0.958600000
0.537400000	0.958600000
0.537400000	0.958800000
0.539200000	0.958800000
0.539200000	0.959000000
0.540400000	0.959000000
0.540400000	0.959200000
0.540800000	0.959200000
0.540800000	0.959400000
0.541000000	0.959400000
0.541000000	0.959800000
0.544400000	0.959800000
0.544400000	0.960000000
0.545400000	0.960000000
0.545400000	0.960200000
0.546200000	0.960200000
0.546200000	0.960400000
0.547200000	0.960400000
0.547200000	0.960600000
0.549800000	0.960600000
0.549800000	0.960800000
0.555200000	0.960800000
0.555200000	0.961000000
0.555400000	0.961000000
0.555400000	0.961200000
0.557400000	0.961200000
0.557400000	0.961400000
0.558200000	0.961400000
0.558200000	0.961600000
0.561800000	0.961600000
0.561800000	0.961800000
0.567000000	0.961800000
0.567000000	0.962200000
0.567800000	0.962200000
0.567800000	0.962400000
0.573200000	0.962400000
0.573200000	0.962600000
0.575000000	0.962600000
0.575000000	0.962800000
0.577000000	0.962800000
0.577000000	0.963000000
0.579400000	0.963000000
0.579400000	0.963400000
0.581400000	0.963400000
0.581400000	0.963600000
0.584000000	0.963600000
0.584000000	0.964000000
0.585000000	0.964000000
0.585000000	0.964200000
0.588600000	0.964200000
0.588600000	0.964400000
0.592600000	0.964400000
0.592600000	0.964600000
0.602800000	0.964600000
0.602800000	0.964800000
0.606400000	0.964800000
0.606400000	0.965000000
0.607600000	0.965000000
0.607600000	0.965200000
0.609000000	0.965200000
0.609000000	0.965400000
0.609800000	0.965400000
0.609800000	0.965600000
0.610400000	0.965600000
0.610400000	0.965800000
0.611400000	0.965800000
0.611400000	0.966000000
0.612400000	0.966000000
0.612400000	0.966200000
0.614800000	0.966200000
0.614800000	0.966400000
0.617200000	0.966400000
0.617200000	0.966600000
0.618000000	0.966600000
0.618000000	0.966800000
0.619600000	0.966800000
0.619600000	0.967200000
0.622400000	0.967200000
0.622400000	0.967400000
0.623000000	0.967400000
0.623000000	0.967600000
0.625200000	0.967600000
0.625200000	0.967800000
0.626800000	0.967800000
0.626800000	0.968000000
0.627600000	0.968000000
0.627600000	0.968200000
0.629200000	0.968200000
0.629200000	0.968400000
0.630600000	0.968400000
0.630600000	0.968600000
0.634200000	0.968600000
0.634200000	0.968800000
0.634800000	0.968800000
0.634800000	0.969000000
0.638400000	0.969000000
0.638400000	0.969200000
0.642000000	0.969200000
0.642000000	0.969800000
0.644200000	0.969800000
0.644200000	0.970000000
0.645200000	0.970000000
0.645200000	0.970200000
0.645800000	0.970200000
0.645800000	0.970400000
0.647200000	0.970400000
0.647200000	0.970600000
0.652000000	0.970600000
0.652000000	0.970800000
0.654400000	0.970800000
0.654400000	0.971000000
0.655200000	0.971000000
0.655200000	0.971200000
0.658000000	0.971200000
0.658000000	0.971600000
0.663400000	0.971600000
0.663400000	0.971800000
0.664400000	0.971800000
0.664400000	0.972000000
0.665800000	0.972000000
0.665800000	0.972200000
0.666200000	0.972200000
0.666200000	0.972400000
0.669800000	0.972400000
0.669800000	0.972600000
0.670600000	0.972600000
0.670600000	0.972800000
0.677200000	0.972800000
0.677200000	0.973000000
0.678000000	0.973000000
0.678000000	0.973200000
0.679400000	0.973200000
0.679400000	0.973400000
0.680600000	0.973400000
0.680600000	0.973600000
0.683400000	0.973600000
0.683400000	0.973800000
0.685600000	0.973800000
0.685600000	0.974000000
0.686200000	0.974000000
0.686200000	0.974400000
0.686800000	0.974400000
0.686800000	0.974600000
0.689200000	0.974600000
0.689200000	0.974800000
0.693400000	0.974800000
0.693400000	0.975000000
0.694600000	0.975000000
0.694600000	0.975200000
0.696000000	0.975200000
0.696000000	0.975400000
0.697000000	0.975400000
0.697000000	0.975800000
0.698000000	0.975800000
0.698000000	0.976000000
0.699600000	0.976000000
0.699600000	0.976400000
0.699800000	0.976400000
0.699800000	0.976600000
0.700600000	0.976600000
0.700600000	0.976800000
0.701400000	0.976800000
0.701400000	0.977000000
0.702000000	0.977000000
0.702000000	0.977200000
0.704800000	0.977200000
0.704800000	0.977400000
0.705400000	0.977400000
0.705400000	0.977600000
0.706400000	0.977600000
0.706400000	0.977800000
0.710000000	0.977800000
0.710000000	0.978200000
0.710200000	0.978200000
0.710200000	0.978400000
0.710600000	0.978400000
0.710600000	0.978600000
0.711200000	0.978600000
0.711200000	0.978800000
0.713600000	0.978800000
0.713600000	0.979000000
0.714600000	0.979000000
0.714600000	0.979200000
0.717600000	0.979200000
0.717600000	0.979400000
0.718200000	0.979400000
0.718200000	0.979600000
0.718800000	0.979600000
0.718800000	0.979800000
0.720000000	0.979800000
0.720000000	0.980000000
0.724800000	0.980000000
0.724800000	0.980200000
0.728000000	0.980200000
0.728000000	0.980400000
0.728400000	0.980400000
0.728400000	0.980600000
0.732600000	0.980600000
0.732600000	0.980800000
0.736800000	0.980800000
0.736800000	0.981200000
0.737600000	0.981200000
0.737600000	0.981400000
0.738000000	0.981400000
0.738000000	0.981600000
0.738800000	0.981600000
0.738800000	0.981800000
0.739600000	0.981800000
0.739600000	0.982000000
0.741600000	0.982000000
0.741600000	0.982200000
0.748000000	0.982200000
0.748000000	0.982400000
0.750400000	0.982400000
0.750400000	0.982600000
0.750800000	0.982600000
0.750800000	0.982800000
0.753000000	0.982800000
0.753000000	0.983000000
0.754600000	0.983000000
0.754600000	0.983200000
0.756000000	0.983200000
0.756000000	0.983400000
0.757400000	0.983400000
0.757400000	0.983600000
0.758600000	0.983600000
0.758600000	0.983800000
0.762000000	0.983800000
0.762000000	0.984000000
0.762600000	0.984000000
0.762600000	0.984200000
0.763000000	0.984200000
0.763000000	0.984400000
0.764200000	0.984400000
0.764200000	0.984600000
0.768000000	0.984600000
0.768000000	0.984800000
0.777200000	0.984800000
0.777200000	0.985000000
0.779400000	0.985000000
0.779400000	0.985200000
0.779600000	0.985200000
0.779600000	0.985400000
0.780200000	0.985400000
0.780200000	0.985600000
0.781000000	0.985600000
0.781000000	0.986200000
0.784400000	0.986200000
0.784400000	0.986400000
0.792600000	0.986400000
0.792600000	0.986600000
0.795200000	0.986600000
0.795200000	0.986800000
0.796800000	0.986800000
0.796800000	0.987200000
0.797000000	0.987200000
0.797000000	0.987400000
0.798800000	0.987400000
0.798800000	0.987600000
0.799200000	0.987600000
0.799200000	0.987800000
0.805200000	0.987800000
0.805200000	0.988000000
0.810800000	0.988000000
0.810800000	0.988200000
0.818200000	0.988200000
0.818200000	0.988400000
0.819800000	0.988400000
0.819800000	0.988600000
0.822400000	0.988600000
0.822400000	0.988800000
0.831600000	0.988800000
0.831600000	0.989000000
0.834000000	0.989000000
0.834000000	0.989200000
0.834800000	0.989200000
0.834800000	0.989400000
0.835600000	0.989400000
0.835600000	0.989600000
0.837600000	0.989600000
0.837600000	0.989800000
0.841600000	0.989800000
0.841600000	0.990000000
0.843200000	0.990000000
0.843200000	0.990200000
0.844000000	0.990200000
0.844000000	0.990400000
0.845400000	0.990400000
0.845400000	0.990600000
0.847400000	0.990600000
0.847400000	0.990800000
0.849800000	0.990800000
0.849800000	0.991000000
0.859200000	0.991000000
0.859200000	0.991200000
0.861000000	0.991200000
0.861000000	0.991400000
0.862400000	0.991400000
0.862400000	0.991800000
0.865600000	0.991800000
0.865600000	0.992000000
0.870800000	0.992000000
0.870800000	0.992200000
0.881600000	0.992200000
0.881600000	0.992400000
0.882200000	0.992400000
0.882200000	0.992600000
0.884600000	0.992600000
0.884600000	0.992800000
0.884800000	0.992800000
0.884800000	0.993000000
0.885000000	0.993000000
0.885000000	0.993200000
0.886800000	0.993200000
0.886800000	0.993400000
0.895000000	0.993400000
0.895200000	0.993600000
0.898800000	0.993600000
0.898800000	0.993800000
0.899800000	0.993800000
0.899800000	0.994000000
0.902600000	0.994000000
0.902600000	0.994200000
0.902800000	0.994200000
0.902800000	0.994600000
0.908000000	0.994600000
0.908000000	0.994800000
0.916400000	0.994800000
0.916400000	0.995000000
0.919400000	0.995000000
0.919400000	0.995200000
0.920600000	0.995200000
0.920600000	0.995400000
0.923200000	0.995400000
0.923200000	0.995600000
0.927000000	0.995600000
0.927000000	0.995800000
0.927800000	0.995800000
0.927800000	0.996000000
0.929600000	0.996000000
0.929600000	0.996200000
0.930600000	0.996200000
0.930600000	0.996400000
0.931000000	0.996400000
0.931000000	0.996600000
0.933200000	0.996600000
0.933200000	0.996800000
0.933800000	0.996800000
0.933800000	0.997000000
0.934400000	0.997000000
0.934400000	0.997200000
0.935400000	0.997200000
0.935400000	0.997400000
0.936800000	0.997400000
0.936800000	0.997600000
0.939000000	0.997600000
0.939000000	0.997800000
0.942400000	0.997800000
0.942400000	0.998000000
0.943600000	0.998000000
0.943600000	0.998200000
0.952400000	0.998200000
0.952400000	0.998400000
0.954800000	0.998400000
0.954800000	0.998600000
0.970800000	0.998600000
0.970800000	0.998800000
0.975400000	0.998800000
0.975400000	0.999000000
0.985600000	0.999000000
0.985600000	0.999200000
0.988400000	0.999200000
0.988400000	0.999400000
0.992400000	0.999400000
0.992400000	0.999600000
0.997200000	0.999600000
0.997200000	0.999800000
1.000000000	0.999800000
1.000000000	1.000000000
