0.000000000	0.000000000
0.000040503	0.001677014
0.000095042	0.003250268
0.000151652	0.004651603
0.000222764	0.006233086
0.000303560	0.007875622
0.000386107	0.009435844
0.000474204	0.011003138
0.000563506	0.012511145
0.000667479	0.014184497
0.000766727	0.015713500
0.000878825	0.017373277
0.000978633	0.018799573
0.001088300	0.020318155
0.001208634	0.021932924
0.001340493	0.023647798
0.001447440	0.025001330
0.001581611	0.026656951
0.001705096	0.028142815
0.001836898	0.029692345
0.001977471	0.031307165
0.002127290	0.032988889
0.002259524	0.034442223
0.002398812	0.035944016
0.002575739	0.037811868
0.002699783	0.039096734
0.002862085	0.040749272
0.003032706	0.042453802
0.003175385	0.043855083
0.003342762	0.045472658
0.003497807	0.046947177
0.003658958	0.048456804
0.003847811	0.050197817
0.004022572	0.051783380
0.004204045	0.053405280
0.004368476	0.054854367
0.004563075	0.056545399
0.004713766	0.057837872
0.004921275	0.059594556
0.005081891	0.060936649
0.005302967	0.062760020
0.005474007	0.064152489
0.005679429	0.065804809
0.005860608	0.067244687
0.006078124	0.068952666
0.006269896	0.070440527
0.006466714	0.071950715
0.006668678	0.073483339
0.006875889	0.075038504
0.007088449	0.076616313
0.007306463	0.078216861
0.007530034	0.079840242
0.007720640	0.081210395
0.007954674	0.082875858
0.008194567	0.084564392
0.008399006	0.085989006
0.008607651	0.087429731
0.008863698	0.089180136
0.009081822	0.090656441
0.009304357	0.092148972
0.009531368	0.093657762
0.009762920	0.095182839
0.009999080	0.096724231
0.010239913	0.098281962
0.010485487	0.099856054
0.010735868	0.101446526
0.010991124	0.103053395
0.011251321	0.104676676
0.011463058	0.105986966
0.011732323	0.107639816
0.012006722	0.109309106
0.012229957	0.110656214
0.012513771	0.112355105
0.012744627	0.113725893
0.013038081	0.115454388
0.013276738	0.116848852
0.013549461	0.118430292
0.013795653	0.119847102
0.014108504	0.121633107
0.014362854	0.123073550
0.014620889	0.124524484
0.014915646	0.126169414
0.015181632	0.127642611
0.015451418	0.129126268
0.015725039	0.130620372
0.016037513	0.132313815
0.016319409	0.133830075
0.016605255	0.135356738
0.016895091	0.136893786
0.017188952	0.138441203
0.017486875	0.139998968
0.017788899	0.141567063
0.018095061	0.143145467
0.018366359	0.144534924
0.018680378	0.146132595
0.018998642	0.147740509
0.019280618	0.149155729
0.019606942	0.150782778
0.019896027	0.152214700
0.020230543	0.153860790
0.020526852	0.155309327
0.020826573	0.156765587
0.021173341	0.158439416
0.021480455	0.159912154
0.021791059	0.161392547
0.022105178	0.162880573
0.022468530	0.164590595
0.022744066	0.165879455
0.023115600	0.167606784
0.023397315	0.168908580
0.023777144	0.170653102
0.024065124	0.171967746
0.024453363	0.173729339
0.024747692	0.175056740
0.025094570	0.176612339
0.025445213	0.178175311
0.025799646	0.179745626
0.026106461	0.181097351
0.026467996	0.182681224
0.026833391	0.184272353
0.027149658	0.185641847
0.027522287	0.187246368
0.027898845	0.188858055
0.028224737	0.190245093
0.028608659	0.191869997
0.028940898	0.193268314
0.029332268	0.194906318
0.029670925	0.196315810
0.030069827	0.197966792
0.030414975	0.199387355
0.030763143	0.200812990
0.031173200	0.202482714
0.031527962	0.203919259
0.031885791	0.205360802
0.032307180	0.207048989
0.032671706	0.208501276
0.033039347	0.209958482
0.033410116	0.211420582
0.033784029	0.212887551
0.034224281	0.214605237
0.034605056	0.216082665
0.034989022	0.217564879
0.035376191	0.219051851
0.035766580	0.220543556
0.036160203	0.222039965
0.036557073	0.223541051
0.036957205	0.225046787
0.037360614	0.226557145
0.037767313	0.228072095
0.038177316	0.229591610
0.038590638	0.231115661
0.039007292	0.232644219
0.039427292	0.234177254
0.039779837	0.235458104
0.040206007	0.236999271
0.040635563	0.238544831
0.041068517	0.240094754
0.041504883	0.241649010
0.041871116	0.242947431
0.042313772	0.244509549
0.042759879	0.246075912
0.043209449	0.247646489
0.043586722	0.248958418
0.044042674	0.250536637
0.044502127	0.252118980
0.044887664	0.253440644
0.045353566	0.255030462
0.045823005	0.256624312
0.046216890	0.257955495
0.046692845	0.259556650
0.047092177	0.260893874
0.047574689	0.262502224
0.047979502	0.263845396
0.048468613	0.265460827
0.048878942	0.266809852
0.049374692	0.268432250
0.049790570	0.269787033
0.050293000	0.271416284
0.050714460	0.272776728
0.051223608	0.274412714
0.051650684	0.275778722
0.052166589	0.277421326
0.052599312	0.278792800
0.053034611	0.280166726
0.053560413	0.281818744
0.054001405	0.283197990
0.054444995	0.284579622
0.054980772	0.286240800
0.055430099	0.287627606
0.055882042	0.289016730
0.056427872	0.290686811
0.056885596	0.292080961
0.057345956	0.293477362
0.057901912	0.295156086
0.058368095	0.296557362
0.058836933	0.297960821
0.059308432	0.299366440
0.059877787	0.301056108
0.060355161	0.302466404
0.060835215	0.303878791
0.061317953	0.305293248
0.061803382	0.306709752
0.062291506	0.308128281
0.062880857	0.309833263
0.063374930	0.311256171
0.063871716	0.312681034
0.064371219	0.314107829
0.064873444	0.315536535
0.065378397	0.316967129
0.065886083	0.318399589
0.066396506	0.319833892
0.067012670	0.321557563
0.067529132	0.322995842
0.068048346	0.324435894
0.068570317	0.325877694
0.069095049	0.327321220
0.069622547	0.328766449
0.070152816	0.330213360
0.070685859	0.331661929
0.071221681	0.333112132
0.071760286	0.334563949
0.072301678	0.336017355
0.072845862	0.337472327
0.073392840	0.338928843
0.073942617	0.340386880
0.074495198	0.341846415
0.075050585	0.343307424
0.075608782	0.344769885
0.076169793	0.346233774
0.076733622	0.347699069
0.077300272	0.349165746
0.077869746	0.350633782
0.078327333	0.351809102
0.078901899	0.353279526
0.079479299	0.354751244
0.080059536	0.356224233
0.080642612	0.357698469
0.081228531	0.359173929
0.081817295	0.360650591
0.082408908	0.362128430
0.083003372	0.363607423
0.083480969	0.364791361
0.084080572	0.366272373
0.084683033	0.367754473
0.085288355	0.369237640
0.085896541	0.370721848
0.086507593	0.372207075
0.086998469	0.373395901
0.087614684	0.374882903
0.088233771	0.376370857
0.088855732	0.377859741
0.089480569	0.379349531
0.090045365	0.380691057
0.090675671	0.382182505
0.091308858	0.383674791
0.091817452	0.384869135
0.092455829	0.386362870
0.093097091	0.387857379
0.093741240	0.389352637
0.094258607	0.390549294
0.094907956	0.392045842
0.095560195	0.393543073
0.096215325	0.395040965
0.096741480	0.396239666
0.097401819	0.397738688
0.098065051	0.399238305
0.098731178	0.400738494
0.099266133	0.401938967
0.099937473	0.403440127
0.100611711	0.404941792
0.101153154	0.406143401
0.101832607	0.407645919
0.102514959	0.409148880
0.103200209	0.410652258
0.103750462	0.411855173
0.104440930	0.413359246
0.105134297	0.414863672
0.105691044	0.416067379
0.106389629	0.417572383
0.107091112	0.419077676
0.107654351	0.420282029
0.108361051	0.421787783
0.109070649	0.423293762
0.109640379	0.424498617
0.110355192	0.426004942
0.111072901	0.427511426
0.111649117	0.428716640
0.112372037	0.430223355
0.113025120	0.431579440
0.113753538	0.433086318
0.114338319	0.434291787
0.115071942	0.435798744
0.115734653	0.437154975
0.116473766	0.438661936
0.117067100	0.439867410
0.117811410	0.441374299
0.118408898	0.442579686
0.119158400	0.444086431
0.119910784	0.445593064
0.120514728	0.446798201
0.121272296	0.448304576
0.121956545	0.449660123
0.122719578	0.451166148
0.123332036	0.452370740
0.124100239	0.453876359
0.124716830	0.455080597
0.125490197	0.456585739
0.126188656	0.457940073
0.126967465	0.459444633
0.127592534	0.460647966
0.128376491	0.462151902
0.129005675	0.463354708
0.129794771	0.464857950
0.130428062	0.466060171
0.131222288	0.467562649
0.132019361	0.469064671
0.132659027	0.470265873
0.133461215	0.471767022
0.134104968	0.472967497
0.134912261	0.474467703
0.135560095	0.475667396
0.136372482	0.477166589
0.137024386	0.478365446
0.137841857	0.479863558
0.138579968	0.481211280
0.139402791	0.482708177
0.140063034	0.483905140
0.140890916	0.485400816
0.141555201	0.486596775
0.142388128	0.488091162
0.143056444	0.489286063
0.143894405	0.490779095
0.144566742	0.491972885
0.145409722	0.493464493
0.146086068	0.494657119
0.146934053	0.496147238
0.147614398	0.497338646
0.148467374	0.498827210
0.149151704	0.500017348
0.150009656	0.501504292
0.150784146	0.502841708
0.151560867	0.504178357
0.152339813	0.505514225
0.153120983	0.506849297
0.153991578	0.508331806
0.154689981	0.509517007
0.155565494	0.510997665
0.156267824	0.512181361
0.157148239	0.513660106
0.157854483	0.514842246
0.158739781	0.516319015
0.159449924	0.517499550
0.160340088	0.518974280
0.161054116	0.520153158
0.161949126	0.521625788
0.162667024	0.522802961
0.163566862	0.524273429
0.164288614	0.525448848
0.165193261	0.526917092
0.165918851	0.528090708
0.166828286	0.529556668
0.167557699	0.530728433
0.168471902	0.532192049
0.169205121	0.533361916
0.170124072	0.534823128
0.170861080	0.535991048
0.171784756	0.537449799
0.172525536	0.538615725
0.173453917	0.540071954
0.174198451	0.541235841
0.175131514	0.542689492
0.175879785	0.543851292
0.176817508	0.545302306
0.177569497	0.546461975
0.178511856	0.547910296
0.179267545	0.549067788
0.180214517	0.550513359
0.180973887	0.551668629
0.181830152	0.552967149
0.182688474	0.554264389
0.183548848	0.555560336
0.184411268	0.556854978
0.185275728	0.558148303
0.186142223	0.559440298
0.187010748	0.560730952
0.187881296	0.562020252
0.188753861	0.563308186
0.189628439	0.564594742
0.190505022	0.565879909
0.191383606	0.567163674
0.192264183	0.568446027
0.193048564	0.569584665
0.194031302	0.571006454
0.194819201	0.572142530
0.195806324	0.573561090
0.196597720	0.574694563
0.197589200	0.576109843
0.198384070	0.577240671
0.199379879	0.578652622
0.200178201	0.579780766
0.201178312	0.581189337
0.201980063	0.582314758
0.202984445	0.583719900
0.203789602	0.584842560
0.204798228	0.586244225
0.205606767	0.587364083
0.206619607	0.588762223
0.207431505	0.589879243
0.208448528	0.591273811
0.209263761	0.592387954
0.210284937	0.593778903
0.211103481	0.594890133
0.212128780	0.596277418
0.212950610	0.597385698
0.213980001	0.598769272
0.214805091	0.599874566
0.215838543	0.601254384
0.216666869	0.602356657
0.217704350	0.603732676
0.218535886	0.604831892
0.219577363	0.606204068
0.220516552	0.607437148
0.221457520	0.608668474
0.222400261	0.609898037
0.223344766	0.611125826
0.224291030	0.612351833
0.225239044	0.613576048
0.226294468	0.614934216
0.227140299	0.616019075
0.228199570	0.617373209
0.229048464	0.618454824
0.230111548	0.619804884
0.230963479	0.620883224
0.232030341	0.622229170
0.232885281	0.623304203
0.233955888	0.624645996
0.234813808	0.625717692
0.235888124	0.627055293
0.236748998	0.628123621
0.237826989	0.629456993
0.238690787	0.630521923
0.239772417	0.631851029
0.240747569	0.633045148
0.241724337	0.634237326
0.242702715	0.635427555
0.243791711	0.636747777
0.244664270	0.637802143
0.245756795	0.639117989
0.246632162	0.640168841
0.247728179	0.641480276
0.248606325	0.642527586
0.249705797	0.643834576
0.250586692	0.644878317
0.251689582	0.646180828
0.252683763	0.647350914
0.253790220	0.648648664
0.254676672	0.649684985
0.255786470	0.650978189
0.256675579	0.652010862
0.257788680	0.653299489
0.258680416	0.654328489
0.259796781	0.655612509
0.260914944	0.656893955
0.261810705	0.657917192
0.262932073	0.659193984
0.263830382	0.660213485
0.264954915	0.661485593
0.265855741	0.662501336
0.266983401	0.663768731
0.268112782	0.665033496
0.269017461	0.666043347
0.270149906	0.667303356
0.271057022	0.668309391
0.272192494	0.669564616
0.273329630	0.670817172
0.274240472	0.671817228
0.275380572	0.673064960
0.276293769	0.674061146
0.277436793	0.675304027
0.278581423	0.676544202
0.279498220	0.677534328
0.280645711	0.678769614
0.281564780	0.679755820
0.282715091	0.680986192
0.283866952	0.682213824
0.284789491	0.683193893
0.285944108	0.684416575
0.286984526	0.685514596
0.288142008	0.686732029
0.289069010	0.687703920
0.290229164	0.688916357
0.291390785	0.690126009
0.292321072	0.691091663
0.293485300	0.692296286
0.294534296	0.693378017
0.295701231	0.694577310
0.296635734	0.695534659
0.297805190	0.696728881
0.298976029	0.697920277
0.299913629	0.698871298
0.301086924	0.700057594
0.302261564	0.701241048
0.303202180	0.702185704
0.304379210	0.703364029
0.305557551	0.704539497
0.306501099	0.705477753
0.307681763	0.706648065
0.308863700	0.707815505
0.309810099	0.708747329
0.310994293	0.709909587
0.312179723	0.711068960
0.313128890	0.711994320
0.314316511	0.713148486
0.315505330	0.714299753
0.316576248	0.715333380
0.317767308	0.716479126
0.318720934	0.717393572
0.319914072	0.718534074
0.321108346	0.719671657
0.322303743	0.720806317
0.323260802	0.721711882
0.324458185	0.722841269
0.325656654	0.723967722
0.326616143	0.724866714
0.327816531	0.725987876
0.329017966	0.727106093
0.330220436	0.728221361
0.331183088	0.729111397
0.332387385	0.730221351
0.333592678	0.731328347
0.334798954	0.732432382
0.335764614	0.733313423
0.336972625	0.734412122
0.338181581	0.735507852
0.339391468	0.736600611
0.340481118	0.737581520
0.341692738	0.738668625
0.342905249	0.739752750
0.343875833	0.740617851
0.345089916	0.741696607
0.346304853	0.742772378
0.347520631	0.743845160
0.348737237	0.744914951
0.349711047	0.745768578
0.350929107	0.746832982
0.352147955	0.747894390
0.353367579	0.748952801
0.354587965	0.750008212
0.355564754	0.750850328
0.356786476	0.751900336
0.358008923	0.752947340
0.359232080	0.753991339
0.360455933	0.755032331
0.361680469	0.756070315
0.362660521	0.756898485
0.363886253	0.757931053
0.365112629	0.758960609
0.366339637	0.759987153
0.367567263	0.761010684
0.368795492	0.762031202
0.370024313	0.763048706
0.371253711	0.764063194
0.372237575	0.764872565
0.373467977	0.765881625
0.374698919	0.766887670
0.375930386	0.767890697
0.377162365	0.768890708
0.378394842	0.769887701
0.379627805	0.770881678
0.380861239	0.771872637
0.382095131	0.772860579
0.383329467	0.773845503
0.384564234	0.774827411
0.385552289	0.775610718
0.386787799	0.776587196
0.388023701	0.777560658
0.389259983	0.778531104
0.390496632	0.779498536
0.391733634	0.780462953
0.392970975	0.781424356
0.394208643	0.782382746
0.395446623	0.783338124
0.396684902	0.784290491
0.397923468	0.785239847
0.399162306	0.786186193
0.400401404	0.787129532
0.401640748	0.788069863
0.402880324	0.789007189
0.404120120	0.789941509
0.405360122	0.790872827
0.406600317	0.791801142
0.407840692	0.792726458
0.409081233	0.793648774
0.410321928	0.794568093
0.411562762	0.795484417
0.412803724	0.796397747
0.414044800	0.797308084
0.415285976	0.798215432
0.416527240	0.799119791
0.418016945	0.800201147
0.419258355	0.801098939
0.420499812	0.801993750
0.421741301	0.802885581
0.422982810	0.803774435
0.424224327	0.804660315
0.425465837	0.805543221
0.426707328	0.806423158
0.427948787	0.807300127
0.429190201	0.808174131
0.430679912	0.809219089
0.431921183	0.810086579
0.433162368	0.810951112
0.434403455	0.811812692
0.435644430	0.812671321
0.436885282	0.813527001
0.438374213	0.814549993
0.439614746	0.815399198
0.440855116	0.816245465
0.442095308	0.817088796
0.443335311	0.817929195
0.444575112	0.818766666
0.446062679	0.819767830
0.447301990	0.820598868
0.448541060	0.821426987
0.449779875	0.822252192
0.451266190	0.823238656
0.452504401	0.824057460
0.453742319	0.824873361
0.454979930	0.825686363
0.456464732	0.826658201
0.457701625	0.827464835
0.458938174	0.828268582
0.460174364	0.829069444
0.461657394	0.830026736
0.462892755	0.830821267
0.464127720	0.831612927
0.465609228	0.832559192
0.466843278	0.833344548
0.468076894	0.834127047
0.469556733	0.835062335
0.470789350	0.835838560
0.472021495	0.836611939
0.473499519	0.837536303
0.474730582	0.838303439
0.475961136	0.839067744
0.477437200	0.839981236
0.478666589	0.840739329
0.479895431	0.841494606
0.481369393	0.842397282
0.482596989	0.843146378
0.484069423	0.844041651
0.485295719	0.844784589
0.486766558	0.845672486
0.487991498	0.846409290
0.489215803	0.847143313
0.490684206	0.848020531
0.491907076	0.848748454
0.493373724	0.849618365
0.494595104	0.850340211
0.496059932	0.851202844
0.497279769	0.851918638
0.498742713	0.852774022
0.499960953	0.853483788
0.501421949	0.854331954
0.502638540	0.855035718
0.504097525	0.855876695
0.505555387	0.856713764
0.506769326	0.857408301
0.508225080	0.858238229
0.509437237	0.858926829
0.510890822	0.859749647
0.512101146	0.860432336
0.513552500	0.861248076
0.515002612	0.862059970
0.516210003	0.862733575
0.517657791	0.863538440
0.519104286	0.864339485
0.520308625	0.865004071
0.521752704	0.865798139
0.523195440	0.866588414
0.524396608	0.867244047
0.525836836	0.868027395
0.527275673	0.868806980
0.528473555	0.869453726
0.529909795	0.870226436
0.531344594	0.870995411
0.532539075	0.871633338
0.533971190	0.872395491
0.535401817	0.873153938
0.536830938	0.873908688
0.538258539	0.874659752
0.539446959	0.875282794
0.540871728	0.876027128
0.542294929	0.876767807
0.543716546	0.877504839
0.545136563	0.878238237
0.546554964	0.878968010
0.547735647	0.879573357
0.549151044	0.880296513
0.550564781	0.881016075
0.551976841	0.881732054
0.553387210	0.882444460
0.554795871	0.883153304
0.556202810	0.883858597
0.557608011	0.884560351
0.559011459	0.885258575
0.560413139	0.885953281
0.561813037	0.886644480
0.563211137	0.887332183
0.564607425	0.888016401
0.566001886	0.888697145
0.567394506	0.889374426
0.568785270	0.890048255
0.570174164	0.890718644
0.571561174	0.891385603
0.572946285	0.892049144
0.574329484	0.892709279
0.575710758	0.893366018
0.577090091	0.894019372
0.578467470	0.894669353
0.579842883	0.895315973
0.581216314	0.895959243
0.582816228	0.896705550
0.584185322	0.897341599
0.585552394	0.897974334
0.586917430	0.898603766
0.588280417	0.899229906
0.589868059	0.899956303
0.591226564	0.900575352
0.592582979	0.901191145
0.593937294	0.901803695
0.595514751	0.902514296
0.596864469	0.903119858
0.598212047	0.903722213
0.599781596	0.904420965
0.601124496	0.905016411
0.602465217	0.905608687
0.604026718	0.906295725
0.605362679	0.906881172
0.606696425	0.907463484
0.608249742	0.908138945
0.609578649	0.908714509
0.611126290	0.909382127
0.612450307	0.909950995
0.613992211	0.910610834
0.615311285	0.911173061
0.616847393	0.911825185
0.618161474	0.912380827
0.619691727	0.913025299
0.621000765	0.913574410
0.622525107	0.914211294
0.624046243	0.914844119
0.625347430	0.915383290
0.626862569	0.916008626
0.628374456	0.916629955
0.629667681	0.917159315
0.631173489	0.917773253
0.632676002	0.918383238
0.633961158	0.918902918
0.635671109	0.919591432
0.636950555	0.920104411
0.638440221	0.920699321
0.639926521	0.921290367
0.641197725	0.921793886
0.642888994	0.922460952
0.644154371	0.922957925
0.645627560	0.923534242
0.647097318	0.924106785
0.648563630	0.924675572
0.650026485	0.925240623
0.651485869	0.925801954
0.652941771	0.926359586
0.654394177	0.926913535
0.655843076	0.927463821
0.657288455	0.928010461
0.658730304	0.928553474
0.660168610	0.929092878
0.661603362	0.929628691
0.663238812	0.930236713
0.664462184	0.930689628
0.666089444	0.931289548
0.667509355	0.931810679
0.668925655	0.932328313
0.670539949	0.932915670
0.671747410	0.933353169
0.673353393	0.933932638
0.674754631	0.934435974
0.676351660	0.935007081
0.677745041	0.935503143
0.679134742	0.935995838
0.680718549	0.936554852
0.682100333	0.937040393
0.683675068	0.937591277
0.685048895	0.938069745
0.686614514	0.938612592
0.687980345	0.939084067
0.689536806	0.939618969
0.691088366	0.940149671
0.692441868	0.940610583
0.693984208	0.941133481
0.695329628	0.941587605
0.696862710	0.942102790
0.698390841	0.942613899
0.699914010	0.943120958
0.701242624	0.943561304
0.702756464	0.944060837
0.704265315	0.944556393
0.705769169	0.945047998
0.707268018	0.945535676
0.708761852	0.946019454
0.710250664	0.946499356
0.711734447	0.946975408
0.713213193	0.947447634
0.714686894	0.947916060
0.716155545	0.948380711
0.717619137	0.948841611
0.719077666	0.949298785
0.720531125	0.949752258
0.721979509	0.950202054
0.723422810	0.950648197
0.724861026	0.951090713
0.726473030	0.951584267
0.727900419	0.952019153
0.729322707	0.952450488
0.731093602	0.952984761
0.732504395	0.953408190
0.733910075	0.953828143
0.735310636	0.954244646
0.737054348	0.954760520
0.738443383	0.955169343
0.739827290	0.955574792
0.741550169	0.956076954
0.742922530	0.956474893
0.744289757	0.956869534
0.745991776	0.957358289
0.747347444	0.957745589
0.749035009	0.958225240
0.750379113	0.958605314
0.751885177	0.959029131
0.753384734	0.959448961
0.755043378	0.959910831
0.756364346	0.960276795
0.758008529	0.960729986
0.759317931	0.961089064
0.760947656	0.961533713
0.762407455	0.961929867
0.764021927	0.962365651
0.765307570	0.962710917
0.766907602	0.963138441
0.768499618	0.963561435
0.770083620	0.963979938
0.771344902	0.964311496
0.772914496	0.964722022
0.774476092	0.965128172
0.776029697	0.965529987
0.777575317	0.965927506
0.779112960	0.966320770
0.780642633	0.966709818
0.782164346	0.967094689
0.783678105	0.967475422
0.785183920	0.967852055
0.786681801	0.968224628
0.788171758	0.968593178
0.789653800	0.968957743
0.791127939	0.969318361
0.792594185	0.969675069
0.794052550	0.970027905
0.795792415	0.970446298
0.797233483	0.970790743
0.798666711	0.971131432
0.800092110	0.971468401
0.801792481	0.971867953
0.803200705	0.972196865
0.804880505	0.972586849
0.806271623	0.972907874
0.807930937	0.973288493
0.809305023	0.973601798
0.810943941	0.973973252
0.812301071	0.974279001
0.813919688	0.974641487
0.815527272	0.974999161
0.816858357	0.975293554
0.818445793	0.975642556
0.820022284	0.975986908
0.821587860	0.976326665
0.823142554	0.976661881
0.824686399	0.976992611
0.826219429	0.977318909
0.827741678	0.977640828
0.829253181	0.977958422
0.830753973	0.978271742
0.832244089	0.978580841
0.833723567	0.978885769
0.835192443	0.979186578
0.836650755	0.979483318
0.838339022	0.979824480
0.839774573	0.980112574
0.841436389	0.980443782
0.842849362	0.980723458
0.844484942	0.981044976
0.845875525	0.981316459
0.847485090	0.981628546
0.849080741	0.981935659
0.850662542	0.982237870
0.852007236	0.982493031
0.853784921	0.982827886
0.855106157	0.983074941
0.856852713	0.983399144
0.858150727	0.983638329
0.859866473	0.983952192
0.861353241	0.984222050
0.863036332	0.984525171
0.864287012	0.984748783
0.865939968	0.985042184
0.867575851	0.985330162
0.869194771	0.985612807
0.870597326	0.985855792
0.872184738	0.986128687
0.873755506	0.986396510
0.875309741	0.986659349
0.876847557	0.986917290
0.878369066	0.987170418
0.879874383	0.987418816
0.881363622	0.987662567
0.882836897	0.987901752
0.884475594	0.988165510
0.885915328	0.988395256
0.887693502	0.988676441
0.889098291	0.988896574
0.890833142	0.989165977
0.892203577	0.989376873
0.893895845	0.989634959
0.895232519	0.989836985
0.896882948	0.990084201
0.898510453	0.990325567
0.900115263	0.990561212
0.901382618	0.990745651
0.902947164	0.990971322
0.904489660	0.991191625
0.906312318	0.991449136
0.907807111	0.991658051
0.909280591	0.991861978
0.910732989	0.992061029
0.912448774	0.992293667
0.913855588	0.992482378
0.915517324	0.992702916
0.917150132	0.992917110
0.918754404	0.993125133
0.920069461	0.993293855
0.921622434	0.993491006
0.923147973	0.993682458
0.924894029	0.993898879
0.926361436	0.994078518
0.928040701	0.994281570
0.929451762	0.994450099
0.931066307	0.994640578
0.932646847	0.994824600
0.934193970	0.995002378
0.935708257	0.995174116
0.937399815	0.995363292
0.938845670	0.995522748
0.940460494	0.995698380
0.942035593	0.995867177
0.943571795	0.996029398
0.945069915	0.996185292
0.946530758	0.996335101
0.948306459	0.996514241
0.949686300	0.996651187
0.951363157	0.996814932
0.952987175	0.996970689
0.954559809	0.997118840
0.956082488	0.997259751
0.957556610	0.997393768
0.959264215	0.997546028
0.960906127	0.997689375
0.962225204	0.997802340
0.963752539	0.997930665
0.965460276	0.998070960
0.967090360	0.998201688
0.968646010	0.998323496
0.970130339	0.998436988
0.971744008	0.998557290
0.973272692	0.998668241
0.974720546	0.998770564
0.976424375	0.998887461
0.978015333	0.998993096
0.979500467	0.999088554
0.981153860	0.999191144
0.982675015	0.999281991
0.984297544	0.999375016
0.985968536	0.999466464
0.987461409	0.999544249
0.989108019	0.999625526
0.990536437	0.999691961
0.992005000	0.999756040
0.993614785	0.999820936
0.995175361	0.999877908
0.996917662	0.999933459
0.998415600	0.999972699
1.000000000	1.000000000