0.000000000	0.000000000
0.000024073	0.001600330
0.000058577	0.003153527
0.000102129	0.004791994
0.000142482	0.006143208
0.000196803	0.007803527
0.000252980	0.009387160
0.000313533	0.010983127
0.000375438	0.012522797
0.000448075	0.014235269
0.000517896	0.015803192
0.000580538	0.017155179
0.000668310	0.018975633
0.000746769	0.020540016
0.000821983	0.021991330
0.000903821	0.023522881
0.000992768	0.025137489
0.001075037	0.026589321
0.001178575	0.028365637
0.001274166	0.029960186
0.001358929	0.031340991
0.001467155	0.033062686
0.001563001	0.034551839
0.001664268	0.036091814
0.001771206	0.037683583
0.001884077	0.039328108
0.001978800	0.040682010
0.002103028	0.042423854
0.002207197	0.043856791
0.002329715	0.045511957
0.002443498	0.047021676
0.002562048	0.048568225
0.002685526	0.050152038
0.002814095	0.051773542
0.002947924	0.053433153
0.003069459	0.054916710
0.003195268	0.056430013
0.003344457	0.058196477
0.003460196	0.059546945
0.003599556	0.061151019
0.003743681	0.062785837
0.003871092	0.064211581
0.004024410	0.065904104
0.004159893	0.067379630
0.004299235	0.068878346
0.004466812	0.070656545
0.004614811	0.072205941
0.004766944	0.073778919
0.004923301	0.075375592
0.005056873	0.076724169
0.005221209	0.078364565
0.005390028	0.080028958
0.005534186	0.081434179
0.005711469	0.083142810
0.005862812	0.084585017
0.006017511	0.086044114
0.006207682	0.087817607
0.006369964	0.089314020
0.006535783	0.090827460
0.006705200	0.092357964
0.006878272	0.093905567
0.007055059	0.095470302
0.007235621	0.097052198
0.007420017	0.098651283
0.007608310	0.100267582
0.007800559	0.101901116
0.007957230	0.103220203
0.008156757	0.104884806
0.008360416	0.106566690
0.008526339	0.107924483
0.008737593	0.109637501
0.008909674	0.111020208
0.009128729	0.112764382
0.009307134	0.114172014
0.009511278	0.115768938
0.009695811	0.117200108
0.009930638	0.119004862
0.010121824	0.120460940
0.010316022	0.121928080
0.010513267	0.123406275
0.010738865	0.125082551
0.010942698	0.126584211
0.011149685	0.128096897
0.011359860	0.129620598
0.011600178	0.131348019
0.011817247	0.132895084
0.012037614	0.134453121
0.012261315	0.136022112
0.012488386	0.137602042
0.012718862	0.139192889
0.012923337	0.140593737
0.013160293	0.142205002
0.013400758	0.143827126
0.013614058	0.145255285
0.013861197	0.146897704
0.014080393	0.148343582
0.014334335	0.150006205
0.014559539	0.151469720
0.014820412	0.153152451
0.015018500	0.154421356
0.015285958	0.156122759
0.015523095	0.157620113
0.015797733	0.159341413
0.016006231	0.160639164
0.016287687	0.162378926
0.016537182	0.163909739
0.016789724	0.165448567
0.017045337	0.166995382
0.017304047	0.168550160
0.017565878	0.170112872
0.017792793	0.171458551
0.018099008	0.173262017
0.018331378	0.174621181
0.018605483	0.176214234
0.018882830	0.177815081
0.019123141	0.179193332
0.019406577	0.180808571
0.019693327	0.182431514
0.019941754	0.183828631
0.020234726	0.185465795
0.020531084	0.187110568
0.020787803	0.188526317
0.021090516	0.190185129
0.021352720	0.191612858
0.021661874	0.193285585
0.021929635	0.194725187
0.022199987	0.196170231
0.022518711	0.197863066
0.022794729	0.199319820
0.023073387	0.200781939
0.023401866	0.202494597
0.023686298	0.203968256
0.023973420	0.205447200
0.024263248	0.206931403
0.024604842	0.208669691
0.024900587	0.210165199
0.025199086	0.211665881
0.025500356	0.213171711
0.025804413	0.214682661
0.026111272	0.216198703
0.026420949	0.217719808
0.026733458	0.219245948
0.027048817	0.220777095
0.027367039	0.222313219
0.027688142	0.223854291
0.028012139	0.225400280
0.028339047	0.226951157
0.028668881	0.228506892
0.029001655	0.230067454
0.029337387	0.231632812
0.029676090	0.233202935
0.030017780	0.234777792
0.030362472	0.236357350
0.030710181	0.237941578
0.031002236	0.239265231
0.031355516	0.240857936
0.031711855	0.242455218
0.032071270	0.244057045
0.032373123	0.245395267
0.032738213	0.247005339
0.033106420	0.248619860
0.033415632	0.249968587
0.033789592	0.251591177
0.034166711	0.253218120
0.034483380	0.254577123
0.034866327	0.256211955
0.035252475	0.257851041
0.035576699	0.259220085
0.035968750	0.260866877
0.036297915	0.262242293
0.036695918	0.263896670
0.037030062	0.265278357
0.037434066	0.266940198
0.037773230	0.268328053
0.038183281	0.269997234
0.038527504	0.271391154
0.038943650	0.273067552
0.039292970	0.274467433
0.039715257	0.276150921
0.040069715	0.277556658
0.040426520	0.278965020
0.040857822	0.280658595
0.041219819	0.282072659
0.041657374	0.283773010
0.042024601	0.285192666
0.042394218	0.286614828
0.042840950	0.288324804
0.043215850	0.289752400
0.043593165	0.291182431
0.044049167	0.292901752
0.044431818	0.294337056
0.044816908	0.295774721
0.045204442	0.297214723
0.045672751	0.298945883
0.046065691	0.300390945
0.046461100	0.301838270
0.046858985	0.303287835
0.047339755	0.305030342
0.047743112	0.306484750
0.048148968	0.307941323
0.048557330	0.309400036
0.048968204	0.310860866
0.049464610	0.312616730
0.049881037	0.314082132
0.050299998	0.315549575
0.050721501	0.317019033
0.051145553	0.318490484
0.051572159	0.319963902
0.052001326	0.321439264
0.052519750	0.323212339
0.052954576	0.324691891
0.053391985	0.326173310
0.053831982	0.327656569
0.054274575	0.329141646
0.054719769	0.330628515
0.055167570	0.332117151
0.055617986	0.333607531
0.056071021	0.335099629
0.056526683	0.336593421
0.056984977	0.338088882
0.057445908	0.339585987
0.057909484	0.341084711
0.058375710	0.342585030
0.058844591	0.344086918
0.059316134	0.345590351
0.059790344	0.347095304
0.060267227	0.348601751
0.060746787	0.350109668
0.061229032	0.351619029
0.061713966	0.353129810
0.062201594	0.354641985
0.062691922	0.356155529
0.063184956	0.357670417
0.063680700	0.359186624
0.064179159	0.360704125
0.064680339	0.362222894
0.065184244	0.363742906
0.065690880	0.365264135
0.066200252	0.366786558
0.066712363	0.368310147
0.067227220	0.369834878
0.067744826	0.371360726
0.068160869	0.372582117
0.068683436	0.374109911
0.069208765	0.375638750
0.069736861	0.377168610
0.070267729	0.378699464
0.070801372	0.380231289
0.071337795	0.381764057
0.071877002	0.383297744
0.072310348	0.384525263
0.072854575	0.386060540
0.073401599	0.387596664
0.073951421	0.389133611
0.074504046	0.390671355
0.075059478	0.392209870
0.075617720	0.393749132
0.076066312	0.394980986
0.076629622	0.396521528
0.077195752	0.398062744
0.077764706	0.399604611
0.078336487	0.401147102
0.078795922	0.402381453
0.079372800	0.403925005
0.079952514	0.405469111
0.080535067	0.407013746
0.081120462	0.408558885
0.081590798	0.409795266
0.082181317	0.411341247
0.082774685	0.412887662
0.083370907	0.414434484
0.083909931	0.415826910
0.084511580	0.417374438
0.085116089	0.418922302
0.085601728	0.420160742
0.086211392	0.421709146
0.086823923	0.423257815
0.087439322	0.424806725
0.087933679	0.426045933
0.088554248	0.427595212
0.089177693	0.429144662
0.089804014	0.430694258
0.090307112	0.431933947
0.090938616	0.433483743
0.091573001	0.435033615
0.092210270	0.436583540
0.092722131	0.437823424
0.093364593	0.439373380
0.094009943	0.440923319
0.094528271	0.442163166
0.095178822	0.443713013
0.095832263	0.445262775
0.096488596	0.446812427
0.097015714	0.448051977
0.097677255	0.449601371
0.098341692	0.451150586
0.098875292	0.452389739
0.099544941	0.453938574
0.100217486	0.455487164
0.100892928	0.457035485
0.101435335	0.458273856
0.102115994	0.459821632
0.102799551	0.461369072
0.103348450	0.462606690
0.104037224	0.464153465
0.104728897	0.465699837
0.105284289	0.466936554
0.105981181	0.468482142
0.106680971	0.470027261
0.107313241	0.471417407
0.108018538	0.472961571
0.108584827	0.474196442
0.109295341	0.475739625
0.110008751	0.477282229
0.110581529	0.478515805
0.111300153	0.480057310
0.112021671	0.481598173
0.112600935	0.482830309
0.113327663	0.484369957
0.114057284	0.485908897
0.114643026	0.487139451
0.115377851	0.488677062
0.116115566	0.490213903
0.116707781	0.491442731
0.117450693	0.492978128
0.118196491	0.494512693
0.118795170	0.495739654
0.119546159	0.497272663
0.120300029	0.498804776
0.120905162	0.500029732
0.121664213	0.501560178
0.122426142	0.503089667
0.123037716	0.504312479
0.123804817	0.505840190
0.124574788	0.507366884
0.125192792	0.508587416
0.125967924	0.510112222
0.126745920	0.511635951
0.127370339	0.512854068
0.128153484	0.514375801
0.128939486	0.515896397
0.129570304	0.517111965
0.130361442	0.518630459
0.131155429	0.520147757
0.131792629	0.521360645
0.132591737	0.522875735
0.133393686	0.524389571
0.134037249	0.525599648
0.134844304	0.527111173
0.135654191	0.528621385
0.136304097	0.529828522
0.137119072	0.531336321
0.137936870	0.532842750
0.138593097	0.534046821
0.139415965	0.535550735
0.140158928	0.536902999
0.140987136	0.538404188
0.141651681	0.539604015
0.142484933	0.541102557
0.143320983	0.542599602
0.143991793	0.543796073
0.144832868	0.545290373
0.145676728	0.546783120
0.146353777	0.547976115
0.147202640	0.549466020
0.148054275	0.550954320
0.148737535	0.552143719
0.149594151	0.553629082
0.150453526	0.555112787
0.151142968	0.556298472
0.152007298	0.557779146
0.152874375	0.559258110
0.153569968	0.560439965
0.154441975	0.561915806
0.155316714	0.563389886
0.156018426	0.564567798
0.156898069	0.566038664
0.157692047	0.567360854
0.158576847	0.568828265
0.159286593	0.570000794
0.160176260	0.571464872
0.161068624	0.572927075
0.161784408	0.574095403
0.162681610	0.575554186
0.163581492	0.577011046
0.164303279	0.578175066
0.165207969	0.579628420
0.166115321	0.581079804
0.166843072	0.582239409
0.167755201	0.583687203
0.168669976	0.585132980
0.169403651	0.586288068
0.170323171	0.587730173
0.171245317	0.589170215
0.172077464	0.590464437
0.173004583	0.591900516
0.173748110	0.593047792
0.174679917	0.594480064
0.175614319	0.595910200
0.176363659	0.597052689
0.177302714	0.598478939
0.178244344	0.599903009
0.178999451	0.601040616
0.179945698	0.602460724
0.180894500	0.603878609
0.181845849	0.605294258
0.182608710	0.606425087
0.183564626	0.607836672
0.184523067	0.609245979
0.185291587	0.610371706
0.186254555	0.611776877
0.187220029	0.613179730
0.187994158	0.614300265
0.188964119	0.615698910
0.189936562	0.617095198
0.190911479	0.618489115
0.191693141	0.619602465
0.192672491	0.620992080
0.193654291	0.622379287
0.194441443	0.623487242
0.195427634	0.624870079
0.196416253	0.626250471
0.197407291	0.627628405
0.198201808	0.628728906
0.199197178	0.630102381
0.200194942	0.631473363
0.201094943	0.632705066
0.202097233	0.634071274
0.203001292	0.635298660
0.204008075	0.636660050
0.204815145	0.637747258
0.205826155	0.639104043
0.206839499	0.640458254
0.207855170	0.641809878
0.208669325	0.642889242
0.209689160	0.644236181
0.210711294	0.645580501
0.211735718	0.646922191
0.212556850	0.647993577
0.213585373	0.649330505
0.214616159	0.650664772
0.215649200	0.651996367
0.216477198	0.653059647
0.217514270	0.654386406
0.218553569	0.655710463
0.219595085	0.657031808
0.220638806	0.658350430
0.221475315	0.659403296
0.222522983	0.660716993
0.223572829	0.662027939
0.224624843	0.663336124
0.225467956	0.664380614
0.226523847	0.665683807
0.227581876	0.666984211
0.228642034	0.668281819
0.229704310	0.669576621
0.230555597	0.670610373
0.231621659	0.671900100
0.232689809	0.673186997
0.233760038	0.674471052
0.234832333	0.675752259
0.235691598	0.676775105
0.236767587	0.678051162
0.237845612	0.679324346
0.238925664	0.680594648
0.240007730	0.681862062
0.240874773	0.682873845
0.241960437	0.684136037
0.243048086	0.685395317
0.244137707	0.686651678
0.245229289	0.687905111
0.246322822	0.689155610
0.247198990	0.690153831
0.248296004	0.691399029
0.249394936	0.692641272
0.250495775	0.693880552
0.251598509	0.695116864
0.252703127	0.696350199
0.253809617	0.697580551
0.254696095	0.698562621
0.255805926	0.699787588
0.256917595	0.701009553
0.258031093	0.702228511
0.259146406	0.703444455
0.260263524	0.704657379
0.261382433	0.705867278
0.262278789	0.706832954
0.263400894	0.708037391
0.264524758	0.709238786
0.265650368	0.710437132
0.266777713	0.711632426
0.267906781	0.712824660
0.269037559	0.714013831
0.270170034	0.715199932
0.271304196	0.716382959
0.272326342	0.717445019
0.273463672	0.718622191
0.274602653	0.719796275
0.275743272	0.720967267
0.276885516	0.722135160
0.278029373	0.723299952
0.279060182	0.724345576
0.280207069	0.725504462
0.281355533	0.726660234
0.282505561	0.727812887
0.283657140	0.728962418
0.284810259	0.730108823
0.285964903	0.731252097
0.287121061	0.732392239
0.288278720	0.733529243
0.289205862	0.734436530
0.290366190	0.735567879
0.291527983	0.736696081
0.292691228	0.737821134
0.293855912	0.738943034
0.295022022	0.740061779
0.296189547	0.741177365
0.297358471	0.742289790
0.298528783	0.743399051
0.299700470	0.744505145
0.300873518	0.745608070
0.302047915	0.746707824
0.303223647	0.747804405
0.304400702	0.748897809
0.305579066	0.749988036
0.306758726	0.751075083
0.307939669	0.752158948
0.309121882	0.753239629
0.310305351	0.754317125
0.311490064	0.755391434
0.312676007	0.756462554
0.313863167	0.757530485
0.315051530	0.758595224
0.316241084	0.759656771
0.317431815	0.760715124
0.318862315	0.761981007
0.320055588	0.763032330
0.321249996	0.764080456
0.322445525	0.765125384
0.323642162	0.766167114
0.324839893	0.767205645
0.326038705	0.768240976
0.327238584	0.769273107
0.328439517	0.770302038
0.329641490	0.771327769
0.330844491	0.772350298
0.332048505	0.773369627
0.333253519	0.774385755
0.334700926	0.775600957
0.335908092	0.776610043
0.337116216	0.777615928
0.338325283	0.778618613
0.339535280	0.779618098
0.340746193	0.780614384
0.341958009	0.781607472
0.343170714	0.782597361
0.344627204	0.783781080
0.345841818	0.784763936
0.347057277	0.785743597
0.348273569	0.786720063
0.349490679	0.787693336
0.350708594	0.788663417
0.351927301	0.789630306
0.353390864	0.790786434
0.354611264	0.791746307
0.355832412	0.792702994
0.357054295	0.793656496
0.358276898	0.794606814
0.359745044	0.795743065
0.360969186	0.796686385
0.362194004	0.797626528
0.363419487	0.798563494
0.364645619	0.799497286
0.366117907	0.800613717
0.367345422	0.801540533
0.368573544	0.802464182
0.369802259	0.803384665
0.371031553	0.804301986
0.372507542	0.805398667
0.373738064	0.806309038
0.374969122	0.807216255
0.376200702	0.808120319
0.377679360	0.809201105
0.378912043	0.810098244
0.380145205	0.810992239
0.381625703	0.812060954
0.382859872	0.812948044
0.384094477	0.813832000
0.385329505	0.814712826
0.386812168	0.815765752
0.388048078	0.816639701
0.389284367	0.817510529
0.390768488	0.818551472
0.392005565	0.819415447
0.393242979	0.820276313
0.394728392	0.821305314
0.395966500	0.822159351
0.397204901	0.823010289
0.398691443	0.824027393
0.399930443	0.824871529
0.401169695	0.825712579
0.402657201	0.826717833
0.403896958	0.827552107
0.405136924	0.828383309
0.406625231	0.829376760
0.407865609	0.830201215
0.409354372	0.831186582
0.410595099	0.832004310
0.411835963	0.832818987
0.413325253	0.833792639
0.414566372	0.834600621
0.416055931	0.835566250
0.417297243	0.836367557
0.418538621	0.837165838
0.420028435	0.838119845
0.421269913	0.838911484
0.422759810	0.839857533
0.424001326	0.840642553
0.425491230	0.841580674
0.426732720	0.842359099
0.428222556	0.843289318
0.429463959	0.844061171
0.430953653	0.844983519
0.432194906	0.845748825
0.433684382	0.846663331
0.434925423	0.847422114
0.436414609	0.848328808
0.437655377	0.849081094
0.439144197	0.849980006
0.440384631	0.850725821
0.441873013	0.851616983
0.443113051	0.852356353
0.444600922	0.853239796
0.446088483	0.854119043
0.447327790	0.854848505
0.448814728	0.855720083
0.450053485	0.856443168
0.451539727	0.857307111
0.452777875	0.858023847
0.454263349	0.858880187
0.455748376	0.859732394
0.456985464	0.860439375
0.458469612	0.861284032
0.459953253	0.862124586
0.461189140	0.862821878
0.462671794	0.863654935
0.463906830	0.864345995
0.465388427	0.865171592
0.466869419	0.865993134
0.468103025	0.866674621
0.469582852	0.867488757
0.471062015	0.868298868
0.472540494	0.869104966
0.473771947	0.869773615
0.475249118	0.870572384
0.476725547	0.871367169
0.477955248	0.872026416
0.479430264	0.872813929
0.480904482	0.873597491
0.482377880	0.874377113
0.483604998	0.875023757
0.485076844	0.875796185
0.486547815	0.876564706
0.488017892	0.877329329
0.489487054	0.878090068
0.490710569	0.878721019
0.492178006	0.879474666
0.493644473	0.880224460
0.495109952	0.880970413
0.496574424	0.881712537
0.498037869	0.882450844
0.499256534	0.883063155
0.500718048	0.883794495
0.502178482	0.884522050
0.503637817	0.885245834
0.505096035	0.885965857
0.506553116	0.886682133
0.508009043	0.887394672
0.509463797	0.888103487
0.510917360	0.888808590
0.512369714	0.889509993
0.513820840	0.890207709
0.515270720	0.890901749
0.516719337	0.891592125
0.517925465	0.892164614
0.519371719	0.892848306
0.520816659	0.893528369
0.522260268	0.894204816
0.523702527	0.894877659
0.525143420	0.895546910
0.526582929	0.896212581
0.528021038	0.896874686
0.529457728	0.897533236
0.531132153	0.898297115
0.532565712	0.898948007
0.533997800	0.899595383
0.535428399	0.900239257
0.536857492	0.900879640
0.538285064	0.901516547
0.539711098	0.902149989
0.541135577	0.902779978
0.542558486	0.903406528
0.544216640	0.904133217
0.545636090	0.904752358
0.547053919	0.905368099
0.548470110	0.905980453
0.549884647	0.906589433
0.551532932	0.907295706
0.552943834	0.907897419
0.554353034	0.908495798
0.555760516	0.909090855
0.557400487	0.909780951
0.558804196	0.910368856
0.560206138	0.910953481
0.561839586	0.911631455
0.563237652	0.912209014
0.564633905	0.912783334
0.566028331	0.913354426
0.567652933	0.914016677
0.569043351	0.914580820
0.570663236	0.915234999
0.572049578	0.915792251
0.573434017	0.916346345
0.575046871	0.916988851
0.576427138	0.917536143
0.578035087	0.918170748
0.579411118	0.918711298
0.581014087	0.919338072
0.582385820	0.919871941
0.583983736	0.920490955
0.585351106	0.921018202
0.586943898	0.921629526
0.588306845	0.922150211
0.589894441	0.922753914
0.591252905	0.923268098
0.592835235	0.923864250
0.594189157	0.924371992
0.595766153	0.924960662
0.597340249	0.925545333
0.598687068	0.926043282
0.600255728	0.926620579
0.601821432	0.927193934
0.603161016	0.927682229
0.604721184	0.928248317
0.606278343	0.928810521
0.607610562	0.929289304
0.609383593	0.929923364
0.610710581	0.930395572
0.612255971	0.930942980
0.613798266	0.931486601
0.615117676	0.931949534
0.616873530	0.932562569
0.618187565	0.933019093
0.619717764	0.933548292
0.621244787	0.934073800
0.622768618	0.934595638
0.624289239	0.935113823
0.625806635	0.935628378
0.627104603	0.936066522
0.628831717	0.936646678
0.630124091	0.937078679
0.631843712	0.937650688
0.633130441	0.938076612
0.634842500	0.938640562
0.636336891	0.939130243
0.637827937	0.939616448
0.639315623	0.940099198
0.640799935	0.940578510
0.642280859	0.941054405
0.643969281	0.941594158
0.645232516	0.941996028
0.646913114	0.942528081
0.648379859	0.942990022
0.649843149	0.943448643
0.651511333	0.943968773
0.652759334	0.944356012
0.654419544	0.944868666
0.656075172	0.945377086
0.657313724	0.945755594
0.658961292	0.946256673
0.660604230	0.946753596
0.662037901	0.947184989
0.663468004	0.947613239
0.665098123	0.948098874
0.666520542	0.948520452
0.668141850	0.948998509
0.669556537	0.949413500
0.671168980	0.949884076
0.672575887	0.950292564
0.674179413	0.950755754
0.675778162	0.951215044
0.677173053	0.951613720
0.678762808	0.952065770
0.680347747	0.952513995
0.681730522	0.952903054
0.683306394	0.953344182
0.684877413	0.953781563
0.686443565	0.954215224
0.687809863	0.954591621
0.689366860	0.955018375
0.690918956	0.955441482
0.692466140	0.955860969
0.694008403	0.956276861
0.695545732	0.956689185
0.697078118	0.957097964
0.698605551	0.957503226
0.700128021	0.957904995
0.701645518	0.958303296
0.703158033	0.958698155
0.704665557	0.959089596
0.706168081	0.959477645
0.707665597	0.959862325
0.709158097	0.960243662
0.710645573	0.960621680
0.712313071	0.961043040
0.713789846	0.961414086
0.715261574	0.961781889
0.716728248	0.962146473
0.718554697	0.962597768
0.720009976	0.962955196
0.721460182	0.963309483
0.722905309	0.963660651
0.724525097	0.964052041
0.725959411	0.964396661
0.727745357	0.964823207
0.729168200	0.965161006
0.730585938	0.965495812
0.732351140	0.965910194
0.733757376	0.966238346
0.735158494	0.966563579
0.736902903	0.966966095
0.738292495	0.967284839
0.740022486	0.967679313
0.741400538	0.967991679
0.743116094	0.968378251
0.744482595	0.968684351
0.746183706	0.969063157
0.747538648	0.969363099
0.749225305	0.969734275
0.750568682	0.970028169
0.752240879	0.970391849
0.753905041	0.970751422
0.755230424	0.971036116
0.756880124	0.971388399
0.758521790	0.971736687
0.759829181	0.972012434
0.761456391	0.972353632
0.763075573	0.972690946
0.764686729	0.973024415
0.765969721	0.973288415
0.767566439	0.973615060
0.769155143	0.973937968
0.770735836	0.974257175
0.772308523	0.974572720
0.773873211	0.974884639
0.775429905	0.975192970
0.776978612	0.975497750
0.778519338	0.975799014
0.780052093	0.976096798
0.781576882	0.976391139
0.783093716	0.976682072
0.784602602	0.976969632
0.786103550	0.977253854
0.787596569	0.977534773
0.789377958	0.977867604
0.790853571	0.978141375
0.792321288	0.978411952
0.793781123	0.978679368
0.795522747	0.978996180
0.796965280	0.979256758
0.798686176	0.979565458
0.800111468	0.979819355
0.801528946	0.980070267
0.803219830	0.980367502
0.804620165	0.980611958
0.806290516	0.980901535
0.807949703	0.981187010
0.809323684	0.981421782
0.810962476	0.981699873
0.812590182	0.981974011
0.813937992	0.982199449
0.815545451	0.982466470
0.817141908	0.982729682
0.818727392	0.982989132
0.820301936	0.983244870
0.821865572	0.983496945
0.823418331	0.983745404
0.824960248	0.983990295
0.826491355	0.984231665
0.828011687	0.984469560
0.829521280	0.984704027
0.831020167	0.984935110
0.832755599	0.985200523
0.834231416	0.985424429
0.835696644	0.985645091
0.837392950	0.985898520
0.838835363	0.986112304
0.840505153	0.986357823
0.841924932	0.986564926
0.843568421	0.986802763
0.844965752	0.987003378
0.846813302	0.987266378
0.848186670	0.987460217
0.849776238	0.987682806
0.851351986	0.987901591
0.852913982	0.988116635
0.854462293	0.988327995
0.855996988	0.988535732
0.857518136	0.988739903
0.859240302	0.988968975
0.860520124	0.989137781
0.862211734	0.989359033
0.863886030	0.989575929
0.865336742	0.989762181
0.866978863	0.989971125
0.868603981	0.990175941
0.870011926	0.990351806
0.871605461	0.990549087
0.873182310	0.990742455
0.874742585	0.990931985
0.876286399	0.991117748
0.877813866	0.991299814
0.879325098	0.991478254
0.880820210	0.991653136
0.882483288	0.991845730
0.883944524	0.992013271
0.885749359	0.992218039
0.887175293	0.992378124
0.888585728	0.992534999
0.890327577	0.992726716
0.891703562	0.992876588
0.893402707	0.993059737
0.895078448	0.993238284
0.896402020	0.993377848
0.898036214	0.993548388
0.899647646	0.993714629
0.901236547	0.993876674
0.902803147	0.994034625
0.904347677	0.994188580
0.905870367	0.994338636
0.907371446	0.994484889
0.909144971	0.994655542
0.910599312	0.994793748
0.912317402	0.994955002
0.913726113	0.995085587
0.915390098	0.995237940
0.916754283	0.995361310
0.918365484	0.995505237
0.919948443	0.995644758
0.921503550	0.995780004
0.923031192	0.995911102
0.924531755	0.996038175
0.926249113	0.996181533
0.927692307	0.996300291
0.929343759	0.996434259
0.930960574	0.996563420
0.932543345	0.996687942
0.934092660	0.996807987
0.935609101	0.996923713
0.937303075	0.997050905
0.938751003	0.997157877
0.940368150	0.997275440
0.941945526	0.997388162
0.943483956	0.997496237
0.944984257	0.997599854
0.946627920	0.997711345
0.948049851	0.997806078
0.949778064	0.997919057
0.951452035	0.998026219
0.952752526	0.998107920
0.954332597	0.998205347
0.956163471	0.998315699
0.957635007	0.998402400
0.959059431	0.998484622
0.960709237	0.998577741
0.962295339	0.998665107
0.963819950	0.998747072
0.965285221	0.998823970
0.967152004	0.998919240
0.968486789	0.998985485
0.970186664	0.999067554
0.971797372	0.999142913
0.973323239	0.999212110
0.974768416	0.999275649
0.976469080	0.999347885
0.978057070	0.999412812
0.979539422	0.999471171
0.981189706	0.999533527
0.982707988	0.999588398
0.984327440	0.999644206
0.985995251	0.999698646
0.987485272	0.999744576
0.989128724	0.999792137
0.990554395	0.999830628
0.992020126	0.999867357
0.993626803	0.999904064
0.995184364	0.999935752
0.996923311	0.999965950
0.998418401	0.999986577
1.000000000	1.000000000