0.000000000	0.000000000
0.000000000	0.000200000
0.000000000	0.085000000
0.000200000	0.085000000
0.000200000	0.181200000
0.000400000	0.181200000
0.000400000	0.366600000
0.000600000	0.366600000
0.000600000	0.519200000
0.000800000	0.519200000
0.000800000	0.522200000
0.001000000	0.522200000
0.001000000	0.552800000
0.001200000	0.552800000
0.001200000	0.588400000
0.001400000	0.588400000
0.001400000	0.594600000
0.001600000	0.594600000
0.001600000	0.679000000
0.001800000	0.679000000
0.001800000	0.682200000
0.002000000	0.682200000
0.002000000	0.686000000
0.002200000	0.686000000
0.002200000	0.691600000
0.002400000	0.691600000
0.002400000	0.694200000
0.002600000	0.694200000
0.002600000	0.709200000
0.002800000	0.709200000
0.002800000	0.718000000
0.003000000	0.718000000
0.003000000	0.720600000
0.003200000	0.720600000
0.003200000	0.724400000
0.003400000	0.724400000
0.003400000	0.730200000
0.003600000	0.730200000
0.003600000	0.732600000
0.003800000	0.732600000
0.003800000	0.738800000
0.004000000	0.738800000
0.004000000	0.741000000
0.004200000	0.741000000
0.004200000	0.742600000
0.004400000	0.742600000
0.004400000	0.743400000
0.004600000	0.743400000
0.004600000	0.743800000
0.004800000	0.743800000
0.004800000	0.744200000
0.005000000	0.744200000
0.005000000	0.745200000
0.005200000	0.745200000
0.005200000	0.748400000
0.005400000	0.748400000
0.005400000	0.749400000
0.005600000	0.749400000
0.005600000	0.756000000
0.005800000	0.756000000
0.005800000	0.760600000
0.006000000	0.760600000
0.006000000	0.765200000
0.006400000	0.765200000
0.006400000	0.765400000
0.006600000	0.765400000
0.006600000	0.766800000
0.006800000	0.766800000
0.006800000	0.770400000
0.007000000	0.770400000
0.007000000	0.771600000
0.007200000	0.771600000
0.007200000	0.772800000
0.007400000	0.772800000
0.007400000	0.773800000
0.007600000	0.773800000
0.007600000	0.774000000
0.007800000	0.774000000
0.007800000	0.775600000
0.008000000	0.775600000
0.008000000	0.776000000
0.008200000	0.776000000
0.008200000	0.776200000
0.008400000	0.776200000
0.008400000	0.779200000
0.008600000	0.779200000
0.008600000	0.779400000
0.008800000	0.779400000
0.008800000	0.781400000
0.009000000	0.781400000
0.009000000	0.781600000
0.009200000	0.781600000
0.009200000	0.781800000
0.009400000	0.781800000
0.009400000	0.782200000
0.009600000	0.782200000
0.009600000	0.783000000
0.009800000	0.783000000
0.009800000	0.787000000
0.010200000	0.787000000
0.010200000	0.789200000
0.010400000	0.789200000
0.010400000	0.790000000
0.010600000	0.790000000
0.010600000	0.790200000
0.010800000	0.790200000
0.010800000	0.791800000
0.011200000	0.791800000
0.011200000	0.792400000
0.011400000	0.792400000
0.011400000	0.794400000
0.011600000	0.794400000
0.011600000	0.795800000
0.012200000	0.795800000
0.012200000	0.799000000
0.012400000	0.799000000
0.012400000	0.799400000
0.012600000	0.799400000
0.012600000	0.800400000
0.012800000	0.800400000
0.012800000	0.801200000
0.013000000	0.801200000
0.013000000	0.803200000
0.013200000	0.803200000
0.013200000	0.803400000
0.013600000	0.803400000
0.013600000	0.804000000
0.013800000	0.804000000
0.013800000	0.804200000
0.014000000	0.804200000
0.014000000	0.804400000
0.014200000	0.804400000
0.014200000	0.805000000
0.014400000	0.805000000
0.014400000	0.805600000
0.014600000	0.805600000
0.014600000	0.805800000
0.014800000	0.805800000
0.014800000	0.807200000
0.015000000	0.807200000
0.015000000	0.807600000
0.015400000	0.807600000
0.015400000	0.807800000
0.015600000	0.807800000
0.015600000	0.808200000
0.015800000	0.808200000
0.015800000	0.809400000
0.016000000	0.809400000
0.016000000	0.809600000
0.016200000	0.809600000
0.016200000	0.811000000
0.016400000	0.811000000
0.016400000	0.812600000
0.016600000	0.812600000
0.016600000	0.812800000
0.016800000	0.812800000
0.016800000	0.813000000
0.017000000	0.813000000
0.017000000	0.813400000
0.017800000	0.813400000
0.017800000	0.814000000
0.018000000	0.814000000
0.018000000	0.815000000
0.018200000	0.815000000
0.018200000	0.815200000
0.018400000	0.815200000
0.018400000	0.815400000
0.018600000	0.815400000
0.018600000	0.816200000
0.019000000	0.816200000
0.019000000	0.816600000
0.019400000	0.816600000
0.019400000	0.816800000
0.019600000	0.816800000
0.019600000	0.817000000
0.019800000	0.817000000
0.019800000	0.817600000
0.020000000	0.817600000
0.020000000	0.818000000
0.020200000	0.818000000
0.020200000	0.818800000
0.020400000	0.818800000
0.020400000	0.819600000
0.020600000	0.819600000
0.020600000	0.820600000
0.020800000	0.820600000
0.020800000	0.821000000
0.021000000	0.821000000
0.021000000	0.821400000
0.021400000	0.821400000
0.021400000	0.821800000
0.021600000	0.821800000
0.021600000	0.822000000
0.022200000	0.822000000
0.022200000	0.822400000
0.022600000	0.822400000
0.022600000	0.823000000
0.023000000	0.823000000
0.023000000	0.823200000
0.023200000	0.823200000
0.023200000	0.823800000
0.023600000	0.823800000
0.023600000	0.824000000
0.023800000	0.824000000
0.023800000	0.825000000
0.024200000	0.825000000
0.024200000	0.825600000
0.024400000	0.825600000
0.024400000	0.825800000
0.024600000	0.825800000
0.024600000	0.826000000
0.024800000	0.826000000
0.024800000	0.826600000
0.025200000	0.826600000
0.025200000	0.827400000
0.025400000	0.827400000
0.025400000	0.827600000
0.025800000	0.827600000
0.025800000	0.827800000
0.026600000	0.827800000
0.026600000	0.828400000
0.027000000	0.828400000
0.027000000	0.828600000
0.027200000	0.828600000
0.027200000	0.829000000
0.027400000	0.829000000
0.027400000	0.829800000
0.027600000	0.829800000
0.027600000	0.830000000
0.027800000	0.830000000
0.027800000	0.830200000
0.028000000	0.830200000
0.028000000	0.832200000
0.028400000	0.832200000
0.028400000	0.833200000
0.028600000	0.833200000
0.028600000	0.833600000
0.028800000	0.833600000
0.028800000	0.833800000
0.029600000	0.833800000
0.029600000	0.834200000
0.029800000	0.834200000
0.029800000	0.835000000
0.030000000	0.835000000
0.030000000	0.835600000
0.030200000	0.835600000
0.030200000	0.835800000
0.030800000	0.835800000
0.030800000	0.836400000
0.031000000	0.836400000
0.031000000	0.836800000
0.031200000	0.836800000
0.031200000	0.837000000
0.031400000	0.837000000
0.031400000	0.837400000
0.031600000	0.837400000
0.031600000	0.837600000
0.032000000	0.837600000
0.032000000	0.837800000
0.032600000	0.837800000
0.032600000	0.838000000
0.033800000	0.838000000
0.033800000	0.838200000
0.034200000	0.838200000
0.034200000	0.838400000
0.034400000	0.838400000
0.034400000	0.838800000
0.034600000	0.838800000
0.034600000	0.839000000
0.035200000	0.839000000
0.035200000	0.840200000
0.035400000	0.840200000
0.035400000	0.840400000
0.035600000	0.840400000
0.035600000	0.840800000
0.036400000	0.840800000
0.036400000	0.841000000
0.037400000	0.841000000
0.037400000	0.841200000
0.037800000	0.841200000
0.037800000	0.841600000
0.038200000	0.841600000
0.038200000	0.841800000
0.038400000	0.841800000
0.038400000	0.842000000
0.038600000	0.842000000
0.038600000	0.842200000
0.039600000	0.842200000
0.039600000	0.842400000
0.039800000	0.842400000
0.039800000	0.843200000
0.041400000	0.843200000
0.041400000	0.843400000
0.041800000	0.843400000
0.041800000	0.844400000
0.042200000	0.844400000
0.042200000	0.844600000
0.042600000	0.844600000
0.042600000	0.845000000
0.042800000	0.845000000
0.042800000	0.845200000
0.043200000	0.845200000
0.043200000	0.845400000
0.043400000	0.845400000
0.043400000	0.845800000
0.043600000	0.845800000
0.043600000	0.846600000
0.043800000	0.846600000
0.043800000	0.847000000
0.044600000	0.847000000
0.044600000	0.847200000
0.044800000	0.847200000
0.044800000	0.847400000
0.045400000	0.847400000
0.045400000	0.847600000
0.045600000	0.847600000
0.045600000	0.848200000
0.045800000	0.848200000
0.045800000	0.848800000
0.046200000	0.848800000
0.046200000	0.849000000
0.046400000	0.849000000
0.046400000	0.849600000
0.046600000	0.849600000
0.046600000	0.850600000
0.048000000	0.850600000
0.048000000	0.850800000
0.049600000	0.850800000
0.049600000	0.851200000
0.050200000	0.851200000
0.050200000	0.852200000
0.050600000	0.852200000
0.050600000	0.852600000
0.051400000	0.852600000
0.051400000	0.853800000
0.051600000	0.853800000
0.051600000	0.854000000
0.051800000	0.854000000
0.051800000	0.854200000
0.052200000	0.854200000
0.052200000	0.854400000
0.053000000	0.854400000
0.053000000	0.854800000
0.053400000	0.854800000
0.053400000	0.855000000
0.053600000	0.855000000
0.053600000	0.855400000
0.053800000	0.855400000
0.053800000	0.855600000
0.054000000	0.855600000
0.054000000	0.856000000
0.054400000	0.856000000
0.054400000	0.856400000
0.057400000	0.856400000
0.057400000	0.856600000
0.057600000	0.856600000
0.057600000	0.856800000
0.058400000	0.856800000
0.058400000	0.857000000
0.058600000	0.857000000
0.058600000	0.857200000
0.059000000	0.857200000
0.059000000	0.857400000
0.059600000	0.857400000
0.059600000	0.857600000
0.059800000	0.857600000
0.059800000	0.858000000
0.060000000	0.858000000
0.060000000	0.858200000
0.060600000	0.858200000
0.060600000	0.858400000
0.061400000	0.858400000
0.061400000	0.859200000
0.061600000	0.859200000
0.061600000	0.859400000
0.062400000	0.859400000
0.062400000	0.859600000
0.063400000	0.859600000
0.063400000	0.860200000
0.063600000	0.860200000
0.063600000	0.860600000
0.063800000	0.860600000
0.063800000	0.860800000
0.064200000	0.860800000
0.064200000	0.861200000
0.064400000	0.861200000
0.064400000	0.862000000
0.064800000	0.862000000
0.064800000	0.862200000
0.065000000	0.862200000
0.065000000	0.862400000
0.065400000	0.862400000
0.065400000	0.862600000
0.065600000	0.862600000
0.065600000	0.863000000
0.065800000	0.863000000
0.065800000	0.863200000
0.066200000	0.863200000
0.066200000	0.863400000
0.066400000	0.863400000
0.066400000	0.864200000
0.067200000	0.864200000
0.067200000	0.864600000
0.068000000	0.864600000
0.068000000	0.864800000
0.068200000	0.864800000
0.068200000	0.865000000
0.068600000	0.865000000
0.068600000	0.865200000
0.069000000	0.865200000
0.069000000	0.865400000
0.069800000	0.865400000
0.069800000	0.865600000
0.070400000	0.865600000
0.070400000	0.866200000
0.071000000	0.866200000
0.071000000	0.866600000
0.071800000	0.866600000
0.071800000	0.867600000
0.072200000	0.867600000
0.072200000	0.868200000
0.072400000	0.868200000
0.072400000	0.868400000
0.072600000	0.868400000
0.072600000	0.869000000
0.073000000	0.869000000
0.073000000	0.869400000
0.073400000	0.869400000
0.073400000	0.869600000
0.073800000	0.869600000
0.073800000	0.869800000
0.074000000	0.869800000
0.074000000	0.870400000
0.074400000	0.870400000
0.074400000	0.870600000
0.075400000	0.870600000
0.075400000	0.871000000
0.075600000	0.871000000
0.075600000	0.871200000
0.075800000	0.871200000
0.075800000	0.871400000
0.076800000	0.871400000
0.076800000	0.872400000
0.077200000	0.872400000
0.077200000	0.872600000
0.079200000	0.872600000
0.079200000	0.872800000
0.079600000	0.872800000
0.079600000	0.873000000
0.080000000	0.873000000
0.080000000	0.873200000
0.080200000	0.873200000
0.080200000	0.873400000
0.080800000	0.873400000
0.080800000	0.874200000
0.081400000	0.874200000
0.081400000	0.874400000
0.081800000	0.874400000
0.081800000	0.874600000
0.082400000	0.874600000
0.082400000	0.875000000
0.082600000	0.875000000
0.082600000	0.875600000
0.083400000	0.875600000
0.083400000	0.875800000
0.084400000	0.875800000
0.084400000	0.876000000
0.084800000	0.876000000
0.084800000	0.877000000
0.085800000	0.877000000
0.085800000	0.877200000
0.087000000	0.877200000
0.087000000	0.877400000
0.088600000	0.877400000
0.088600000	0.878200000
0.088800000	0.878200000
0.088800000	0.878400000
0.089600000	0.878400000
0.089600000	0.878600000
0.090200000	0.878600000
0.090200000	0.878800000
0.090400000	0.878800000
0.090400000	0.879000000
0.090600000	0.879000000
0.090600000	0.879200000
0.090800000	0.879200000
0.090800000	0.879400000
0.091400000	0.879400000
0.091400000	0.879600000
0.092200000	0.879600000
0.092200000	0.880000000
0.093800000	0.880000000
0.093800000	0.880200000
0.094000000	0.880200000
0.094000000	0.880400000
0.094200000	0.880400000
0.094200000	0.880800000
0.094400000	0.880800000
0.094400000	0.881000000
0.095400000	0.881000000
0.095400000	0.881200000
0.096400000	0.881200000
0.096400000	0.881400000
0.096600000	0.881400000
0.096600000	0.882000000
0.097000000	0.882000000
0.097000000	0.882200000
0.097200000	0.882200000
0.097200000	0.882400000
0.097800000	0.882400000
0.097800000	0.883200000
0.098000000	0.883200000
0.098000000	0.883600000
0.098200000	0.883600000
0.098200000	0.884000000
0.098400000	0.884000000
0.098400000	0.884200000
0.099400000	0.884200000
0.099400000	0.884400000
0.099800000	0.884400000
0.099800000	0.884600000
0.100200000	0.884600000
0.100200000	0.884800000
0.101000000	0.884800000
0.101000000	0.885400000
0.102400000	0.885400000
0.102400000	0.885600000
0.103000000	0.885600000
0.103000000	0.885800000
0.103400000	0.885800000
0.103400000	0.886000000
0.104400000	0.886000000
0.104400000	0.886200000
0.106000000	0.886200000
0.106000000	0.886400000
0.107000000	0.886400000
0.107000000	0.886600000
0.107400000	0.886600000
0.107400000	0.886800000
0.107800000	0.886800000
0.107800000	0.887200000
0.108000000	0.887200000
0.108000000	0.887400000
0.109200000	0.887400000
0.109200000	0.887600000
0.109800000	0.887600000
0.109800000	0.887800000
0.110000000	0.887800000
0.110000000	0.888000000
0.110200000	0.888000000
0.110200000	0.888200000
0.111000000	0.888200000
0.111000000	0.888400000
0.112200000	0.888400000
0.112200000	0.888600000
0.112400000	0.888600000
0.112400000	0.889000000
0.112600000	0.889000000
0.112600000	0.889200000
0.113400000	0.889200000
0.113400000	0.889400000
0.113800000	0.889400000
0.113800000	0.889600000
0.114600000	0.889600000
0.114600000	0.889800000
0.114800000	0.889800000
0.114800000	0.890200000
0.115000000	0.890200000
0.115000000	0.890400000
0.116600000	0.890400000
0.116600000	0.890800000
0.118800000	0.890800000
0.118800000	0.891000000
0.120200000	0.891000000
0.120200000	0.891600000
0.120800000	0.891600000
0.120800000	0.891800000
0.121000000	0.891800000
0.121000000	0.892200000
0.121400000	0.892200000
0.121400000	0.892400000
0.123000000	0.892400000
0.123000000	0.892600000
0.123600000	0.892600000
0.123600000	0.892800000
0.123800000	0.892800000
0.123800000	0.893000000
0.124200000	0.893000000
0.124200000	0.893600000
0.124400000	0.893600000
0.124400000	0.893800000
0.124600000	0.893800000
0.124600000	0.894200000
0.124800000	0.894200000
0.124800000	0.894400000
0.127400000	0.894400000
0.127400000	0.894600000
0.128400000	0.894600000
0.128400000	0.894800000
0.128800000	0.894800000
0.128800000	0.895000000
0.129000000	0.895000000
0.129000000	0.895400000
0.129600000	0.895400000
0.129600000	0.895600000
0.129800000	0.895600000
0.129800000	0.896000000
0.130000000	0.896000000
0.130000000	0.896200000
0.131000000	0.896200000
0.131000000	0.896400000
0.131200000	0.896400000
0.131200000	0.896600000
0.131600000	0.896600000
0.131600000	0.897000000
0.132800000	0.897000000
0.132800000	0.897200000
0.133600000	0.897200000
0.133600000	0.897400000
0.134200000	0.897400000
0.134200000	0.897600000
0.134600000	0.897600000
0.134600000	0.897800000
0.136400000	0.897800000
0.136400000	0.898000000
0.137800000	0.898000000
0.137800000	0.898200000
0.138200000	0.898200000
0.138200000	0.898400000
0.140200000	0.898400000
0.140200000	0.898600000
0.142200000	0.898600000
0.142200000	0.899000000
0.142400000	0.899000000
0.142400000	0.899200000
0.143000000	0.899200000
0.143000000	0.899400000
0.143400000	0.899400000
0.143400000	0.899600000
0.143800000	0.899600000
0.143800000	0.899800000
0.146200000	0.899800000
0.146200000	0.900000000
0.146800000	0.900000000
0.146800000	0.900200000
0.148800000	0.900200000
0.148800000	0.900400000
0.149400000	0.900400000
0.149400000	0.900600000
0.149800000	0.900600000
0.149800000	0.900800000
0.150400000	0.900800000
0.150400000	0.901000000
0.153400000	0.901000000
0.153400000	0.901200000
0.153800000	0.901200000
0.153800000	0.901400000
0.154000000	0.901400000
0.154000000	0.901800000
0.155400000	0.901800000
0.155400000	0.902000000
0.155800000	0.902000000
0.155800000	0.902200000
0.156000000	0.902200000
0.156000000	0.902400000
0.158000000	0.902400000
0.158000000	0.902600000
0.159000000	0.902600000
0.159000000	0.902800000
0.159600000	0.902800000
0.159600000	0.903000000
0.159800000	0.903000000
0.159800000	0.903200000
0.160000000	0.903200000
0.160000000	0.903400000
0.160600000	0.903400000
0.160600000	0.903600000
0.162800000	0.903600000
0.162800000	0.903800000
0.163400000	0.903800000
0.163400000	0.904000000
0.163800000	0.904000000
0.163800000	0.904200000
0.166000000	0.904200000
0.166000000	0.904400000
0.166400000	0.904400000
0.166400000	0.904800000
0.167400000	0.904800000
0.167400000	0.905000000
0.168800000	0.905000000
0.168800000	0.905400000
0.169200000	0.905400000
0.169200000	0.905600000
0.169400000	0.905600000
0.169400000	0.905800000
0.172400000	0.905800000
0.172400000	0.906000000
0.172800000	0.906000000
0.172800000	0.906400000
0.173200000	0.906400000
0.173200000	0.906600000
0.174400000	0.906600000
0.174400000	0.906800000
0.175000000	0.906800000
0.175000000	0.907400000
0.175200000	0.907400000
0.175200000	0.907800000
0.177200000	0.907800000
0.177200000	0.908000000
0.179000000	0.908000000
0.179000000	0.908200000
0.181200000	0.908200000
0.181200000	0.908400000
0.182600000	0.908400000
0.182600000	0.908600000
0.182800000	0.908600000
0.182800000	0.908800000
0.183400000	0.908800000
0.183400000	0.909000000
0.184000000	0.909000000
0.184000000	0.909600000
0.184200000	0.909600000
0.184200000	0.910000000
0.184800000	0.910000000
0.184800000	0.910200000
0.186400000	0.910200000
0.186400000	0.910400000
0.188800000	0.910400000
0.188800000	0.910600000
0.189400000	0.910600000
0.189400000	0.910800000
0.189600000	0.910800000
0.189600000	0.911000000
0.190000000	0.911000000
0.190000000	0.911200000
0.190400000	0.911200000
0.190400000	0.911600000
0.193400000	0.911600000
0.193400000	0.912000000
0.196000000	0.912000000
0.196000000	0.912200000
0.197000000	0.912200000
0.197000000	0.912600000
0.197200000	0.912600000
0.197200000	0.912800000
0.198200000	0.912800000
0.198200000	0.913000000
0.199400000	0.913000000
0.199400000	0.913200000
0.199600000	0.913200000
0.199600000	0.913400000
0.200200000	0.913400000
0.200200000	0.913800000
0.200600000	0.913800000
0.200600000	0.914000000
0.201400000	0.914000000
0.201400000	0.914200000
0.201600000	0.914200000
0.201600000	0.914400000
0.203200000	0.914400000
0.203200000	0.914600000
0.203400000	0.914600000
0.203400000	0.914800000
0.203600000	0.914800000
0.203600000	0.915000000
0.203800000	0.915000000
0.203800000	0.915200000
0.204800000	0.915200000
0.204800000	0.915400000
0.206600000	0.915400000
0.206600000	0.915600000
0.206800000	0.915600000
0.206800000	0.915800000
0.207800000	0.915800000
0.207800000	0.916000000
0.208400000	0.916000000
0.208400000	0.916400000
0.208800000	0.916400000
0.208800000	0.916600000
0.210600000	0.916600000
0.210600000	0.916800000
0.210800000	0.916800000
0.210800000	0.917000000
0.211000000	0.917000000
0.211000000	0.917200000
0.211600000	0.917200000
0.211600000	0.917600000
0.212600000	0.917600000
0.212600000	0.917800000
0.213400000	0.917800000
0.213400000	0.918000000
0.213600000	0.918000000
0.213600000	0.918200000
0.214000000	0.918200000
0.214000000	0.918400000
0.214800000	0.918400000
0.214800000	0.918600000
0.216000000	0.918600000
0.216000000	0.918800000
0.216600000	0.918800000
0.216600000	0.919000000
0.220600000	0.919000000
0.220600000	0.919200000
0.221200000	0.919200000
0.221200000	0.919400000
0.223200000	0.919400000
0.223200000	0.919600000
0.224200000	0.919600000
0.224200000	0.919800000
0.224800000	0.919800000
0.224800000	0.920400000
0.225000000	0.920400000
0.225000000	0.920600000
0.225600000	0.920600000
0.225600000	0.920800000
0.226600000	0.920800000
0.226600000	0.921000000
0.233000000	0.921000000
0.233000000	0.921200000
0.234800000	0.921200000
0.234800000	0.921400000
0.236000000	0.921400000
0.236000000	0.921600000
0.240000000	0.921600000
0.240000000	0.921800000
0.241600000	0.921800000
0.241600000	0.922000000
0.243600000	0.922000000
0.243600000	0.922200000
0.245000000	0.922200000
0.245000000	0.922400000
0.246800000	0.922400000
0.246800000	0.922600000
0.251000000	0.922600000
0.251000000	0.922800000
0.251400000	0.922800000
0.251400000	0.923000000
0.253200000	0.923000000
0.253200000	0.923200000
0.254000000	0.923200000
0.254000000	0.923400000
0.254400000	0.923400000
0.254400000	0.923600000
0.254600000	0.923600000
0.254600000	0.924000000
0.254800000	0.924000000
0.254800000	0.924200000
0.255000000	0.924200000
0.255000000	0.924400000
0.255200000	0.924400000
0.255200000	0.925000000
0.255400000	0.925000000
0.255400000	0.925200000
0.257000000	0.925200000
0.257000000	0.925400000
0.259800000	0.925400000
0.259800000	0.925800000
0.261400000	0.925800000
0.261400000	0.926000000
0.262400000	0.926000000
0.262400000	0.926200000
0.262800000	0.926200000
0.262800000	0.926400000
0.263400000	0.926400000
0.263400000	0.926600000
0.266000000	0.926600000
0.266000000	0.926800000
0.268800000	0.926800000
0.268800000	0.927000000
0.270000000	0.927000000
0.270000000	0.927200000
0.270400000	0.927200000
0.270400000	0.927600000
0.270600000	0.927600000
0.270600000	0.927800000
0.272200000	0.927800000
0.272200000	0.928000000
0.272400000	0.928000000
0.272400000	0.928200000
0.273600000	0.928200000
0.273600000	0.928400000
0.274000000	0.928400000
0.274000000	0.928800000
0.276000000	0.928800000
0.276000000	0.929000000
0.276200000	0.929000000
0.276200000	0.929200000
0.282000000	0.929200000
0.282000000	0.929400000
0.283200000	0.929400000
0.283200000	0.929600000
0.284200000	0.929600000
0.284200000	0.929800000
0.285000000	0.929800000
0.285000000	0.930000000
0.285200000	0.930000000
0.285200000	0.930200000
0.287400000	0.930200000
0.287400000	0.930400000
0.288800000	0.930400000
0.288800000	0.930600000
0.291000000	0.930600000
0.291000000	0.930800000
0.291600000	0.930800000
0.291600000	0.931000000
0.292200000	0.931000000
0.292200000	0.931200000
0.292400000	0.931200000
0.292400000	0.931400000
0.296800000	0.931400000
0.296800000	0.931600000
0.301400000	0.931600000
0.301400000	0.931800000
0.304800000	0.931800000
0.304800000	0.932200000
0.305400000	0.932200000
0.305400000	0.932600000
0.307400000	0.932600000
0.307400000	0.932800000
0.309000000	0.932800000
0.309000000	0.933000000
0.309400000	0.933000000
0.309400000	0.933200000
0.310400000	0.933200000
0.310400000	0.933400000
0.311600000	0.933400000
0.311600000	0.933800000
0.312000000	0.933800000
0.312000000	0.934000000
0.312200000	0.934000000
0.312200000	0.934200000
0.314400000	0.934200000
0.314400000	0.934400000
0.316400000	0.934400000
0.316400000	0.934600000
0.319200000	0.934600000
0.319200000	0.934800000
0.319800000	0.934800000
0.319800000	0.935000000
0.321000000	0.935000000
0.321000000	0.935200000
0.322000000	0.935200000
0.322000000	0.935400000
0.322600000	0.935400000
0.322600000	0.935600000
0.322800000	0.935600000
0.322800000	0.935800000
0.323000000	0.935800000
0.323000000	0.936000000
0.323400000	0.936000000
0.323400000	0.936200000
0.324200000	0.936200000
0.324200000	0.936400000
0.325000000	0.936400000
0.325000000	0.936600000
0.325800000	0.936600000
0.325800000	0.936800000
0.326800000	0.936800000
0.326800000	0.937000000
0.330400000	0.937000000
0.330400000	0.937200000
0.330600000	0.937200000
0.330600000	0.937600000
0.330800000	0.937600000
0.330800000	0.937800000
0.333400000	0.937800000
0.333400000	0.938000000
0.336200000	0.938000000
0.336200000	0.938200000
0.336400000	0.938200000
0.336400000	0.938400000
0.339000000	0.938400000
0.339000000	0.938600000
0.341000000	0.938600000
0.341000000	0.938800000
0.341800000	0.938800000
0.341800000	0.939000000
0.342000000	0.939000000
0.342000000	0.939200000
0.343800000	0.939200000
0.343800000	0.939400000
0.347200000	0.939400000
0.347200000	0.939600000
0.348200000	0.939600000
0.348200000	0.939800000
0.349200000	0.939800000
0.349200000	0.940000000
0.353400000	0.940000000
0.353400000	0.940200000
0.354800000	0.940200000
0.354800000	0.940400000
0.355400000	0.940400000
0.355400000	0.940600000
0.357400000	0.940600000
0.357400000	0.940800000
0.358800000	0.940800000
0.358800000	0.941000000
0.363200000	0.941000000
0.363200000	0.941200000
0.363800000	0.941200000
0.363800000	0.941400000
0.364400000	0.941400000
0.364400000	0.941600000
0.366400000	0.941600000
0.366400000	0.941800000
0.368600000	0.941800000
0.368600000	0.942000000
0.369600000	0.942000000
0.369600000	0.942400000
0.370000000	0.942400000
0.370000000	0.942600000
0.376600000	0.942600000
0.376600000	0.942800000
0.376800000	0.942800000
0.376800000	0.943000000
0.377400000	0.943000000
0.377400000	0.943200000
0.383600000	0.943200000
0.383600000	0.943400000
0.387400000	0.943400000
0.387400000	0.943600000
0.389600000	0.943600000
0.389600000	0.944200000
0.391000000	0.944200000
0.391000000	0.944400000
0.391600000	0.944400000
0.391600000	0.944600000
0.391800000	0.944600000
0.391800000	0.944800000
0.392400000	0.944800000
0.392400000	0.945000000
0.398200000	0.945000000
0.398200000	0.945400000
0.399800000	0.945400000
0.399800000	0.945600000
0.400000000	0.945600000
0.400000000	0.945800000
0.400800000	0.945800000
0.400800000	0.946000000
0.401000000	0.946000000
0.401000000	0.946200000
0.401800000	0.946200000
0.401800000	0.946400000
0.405000000	0.946400000
0.405000000	0.946800000
0.405400000	0.946800000
0.405400000	0.947000000
0.407200000	0.947000000
0.407200000	0.947200000
0.408400000	0.947200000
0.408400000	0.947400000
0.408800000	0.947400000
0.408800000	0.947600000
0.409800000	0.947600000
0.409800000	0.947800000
0.411400000	0.947800000
0.411400000	0.948000000
0.411600000	0.948000000
0.411600000	0.948200000
0.412600000	0.948200000
0.412600000	0.948400000
0.412800000	0.948400000
0.412800000	0.948600000
0.413000000	0.948600000
0.413000000	0.949000000
0.413400000	0.949000000
0.413400000	0.949200000
0.417000000	0.949200000
0.417000000	0.949400000
0.419800000	0.949400000
0.419800000	0.949600000
0.421200000	0.949600000
0.421200000	0.949800000
0.421600000	0.949800000
0.421600000	0.950000000
0.424600000	0.950000000
0.424600000	0.950200000
0.425200000	0.950200000
0.425200000	0.950400000
0.427400000	0.950400000
0.427400000	0.950600000
0.428400000	0.950600000
0.428400000	0.950800000
0.428600000	0.950800000
0.428600000	0.951000000
0.429200000	0.951000000
0.429200000	0.951200000
0.429800000	0.951200000
0.429800000	0.951400000
0.432000000	0.951400000
0.432000000	0.951600000
0.434000000	0.951600000
0.434000000	0.952000000
0.435600000	0.952000000
0.435600000	0.952200000
0.437400000	0.952200000
0.437400000	0.952400000
0.440000000	0.952400000
0.440000000	0.952600000
0.440400000	0.952600000
0.440400000	0.952800000
0.442400000	0.952800000
0.442400000	0.953000000
0.444400000	0.953000000
0.444400000	0.953200000
0.445600000	0.953200000
0.445600000	0.953600000
0.446600000	0.953600000
0.446600000	0.953800000
0.447800000	0.953800000
0.447800000	0.954000000
0.449400000	0.954000000
0.449400000	0.954200000
0.451200000	0.954200000
0.451200000	0.954400000
0.454200000	0.954400000
0.454200000	0.954600000
0.455200000	0.954600000
0.455200000	0.954800000
0.458400000	0.954800000
0.458400000	0.955000000
0.458600000	0.955000000
0.458600000	0.955200000
0.460400000	0.955200000
0.460400000	0.955400000
0.461000000	0.955400000
0.461000000	0.955600000
0.465000000	0.955600000
0.465000000	0.955800000
0.467200000	0.955800000
0.467200000	0.956000000
0.471000000	0.956000000
0.471000000	0.956200000
0.471200000	0.956200000
0.471200000	0.956400000
0.474600000	0.956400000
0.474600000	0.956600000
0.477400000	0.956600000
0.477400000	0.956800000
0.478400000	0.956800000
0.478400000	0.957400000
0.479200000	0.957400000
0.479200000	0.957600000
0.479600000	0.957600000
0.479600000	0.957800000
0.482000000	0.957800000
0.482000000	0.958000000
0.483600000	0.958000000
0.483600000	0.958200000
0.486800000	0.958200000
0.486800000	0.958400000
0.489200000	0.958400000
0.489200000	0.958600000
0.491000000	0.958600000
0.491000000	0.958800000
0.492000000	0.958800000
0.492000000	0.959000000
0.492200000	0.959000000
0.492200000	0.959200000
0.492600000	0.959200000
0.492600000	0.959400000
0.500600000	0.959400000
0.500600000	0.959600000
0.502000000	0.959600000
0.502000000	0.960000000
0.504200000	0.960000000
0.504200000	0.960200000
0.505600000	0.960200000
0.505600000	0.960400000
0.507200000	0.960400000
0.507200000	0.960600000
0.508400000	0.960600000
0.508400000	0.960800000
0.512400000	0.960800000
0.512400000	0.961000000
0.515000000	0.961000000
0.515000000	0.961200000
0.515600000	0.961200000
0.515600000	0.961400000
0.517600000	0.961400000
0.517600000	0.961600000
0.519400000	0.961600000
0.519400000	0.961800000
0.522000000	0.961800000
0.522000000	0.962000000
0.522600000	0.962000000
0.522600000	0.962200000
0.523400000	0.962200000
0.523400000	0.962400000
0.527800000	0.962400000
0.527800000	0.962600000
0.529000000	0.962600000
0.529000000	0.962800000
0.530400000	0.962800000
0.530400000	0.963000000
0.533000000	0.963000000
0.533000000	0.963200000
0.535400000	0.963200000
0.535400000	0.963600000
0.542600000	0.963600000
0.542600000	0.963800000
0.548200000	0.963800000
0.548200000	0.964000000
0.548600000	0.964000000
0.548600000	0.964200000
0.549400000	0.964200000
0.549400000	0.964400000
0.550800000	0.964400000
0.550800000	0.964600000
0.552000000	0.964600000
0.552000000	0.965000000
0.554600000	0.965000000
0.554600000	0.965200000
0.555600000	0.965200000
0.555600000	0.965400000
0.555800000	0.965400000
0.555800000	0.965600000
0.558600000	0.965600000
0.558600000	0.966000000
0.562400000	0.966000000
0.562400000	0.966200000
0.562800000	0.966200000
0.562800000	0.966400000
0.563400000	0.966400000
0.563400000	0.966600000
0.564200000	0.966600000
0.564200000	0.966800000
0.567000000	0.966800000
0.567000000	0.967000000
0.571600000	0.967000000
0.571600000	0.967200000
0.572000000	0.967200000
0.572000000	0.967400000
0.574200000	0.967400000
0.574200000	0.967600000
0.577800000	0.967600000
0.577800000	0.968000000
0.579800000	0.968000000
0.579800000	0.968400000
0.581000000	0.968400000
0.581000000	0.968600000
0.581600000	0.968600000
0.581600000	0.968800000
0.586000000	0.968800000
0.586000000	0.969200000
0.589600000	0.969200000
0.589600000	0.969400000
0.593200000	0.969400000
0.593200000	0.969600000
0.593800000	0.969600000
0.593800000	0.970200000
0.595000000	0.970200000
0.595000000	0.970400000
0.596200000	0.970400000
0.596200000	0.970600000
0.599000000	0.970600000
0.599000000	0.970800000
0.607200000	0.970800000
0.607200000	0.971000000
0.609200000	0.971000000
0.609200000	0.971200000
0.609600000	0.971200000
0.609600000	0.971600000
0.610600000	0.971600000
0.610600000	0.971800000
0.611800000	0.971800000
0.611800000	0.972000000
0.619800000	0.972000000
0.619800000	0.972200000
0.620800000	0.972200000
0.620800000	0.972400000
0.621600000	0.972400000
0.621600000	0.972600000
0.625600000	0.972600000
0.625600000	0.972800000
0.625800000	0.972800000
0.625800000	0.973000000
0.626600000	0.973000000
0.626600000	0.973200000
0.628400000	0.973200000
0.628400000	0.973400000
0.633400000	0.973400000
0.633400000	0.973800000
0.634400000	0.973800000
0.634400000	0.974000000
0.635200000	0.974000000
0.635200000	0.974200000
0.638600000	0.974200000
0.638600000	0.974400000
0.639800000	0.974400000
0.639800000	0.974600000
0.641200000	0.974600000
0.641200000	0.974800000
0.642000000	0.974800000
0.642000000	0.975000000
0.642200000	0.975000000
0.642200000	0.975200000
0.645600000	0.975200000
0.645600000	0.975400000
0.648600000	0.975400000
0.648600000	0.975600000
0.650600000	0.975600000
0.650600000	0.975800000
0.653000000	0.975800000
0.653000000	0.976000000
0.655000000	0.976000000
0.655000000	0.976200000
0.657000000	0.976200000
0.657000000	0.976400000
0.658600000	0.976400000
0.658600000	0.976600000
0.659000000	0.976600000
0.659000000	0.976800000
0.660600000	0.976800000
0.660600000	0.977000000
0.663800000	0.977000000
0.663800000	0.977200000
0.665600000	0.977200000
0.665600000	0.977400000
0.669000000	0.977400000
0.669000000	0.977600000
0.670400000	0.977600000
0.670400000	0.977800000
0.672200000	0.977800000
0.672200000	0.978000000
0.675200000	0.978000000
0.675200000	0.978200000
0.680400000	0.978200000
0.680400000	0.978400000
0.683400000	0.978400000
0.683400000	0.978600000
0.684000000	0.978600000
0.684000000	0.978800000
0.685600000	0.978800000
0.685600000	0.979000000
0.688400000	0.979000000
0.688400000	0.979200000
0.695000000	0.979200000
0.695000000	0.979400000
0.696200000	0.979400000
0.696200000	0.979600000
0.697800000	0.979600000
0.697800000	0.980000000
0.702400000	0.980000000
0.702400000	0.980200000
0.704200000	0.980200000
0.704200000	0.980400000
0.705800000	0.980400000
0.705800000	0.980600000
0.710600000	0.980600000
0.710600000	0.980800000
0.711000000	0.980800000
0.711000000	0.981000000
0.712000000	0.981000000
0.712000000	0.981200000
0.715000000	0.981200000
0.715000000	0.981400000
0.715200000	0.981400000
0.715200000	0.981600000
0.717800000	0.981600000
0.717800000	0.981800000
0.718000000	0.981800000
0.718000000	0.982000000
0.720000000	0.982000000
0.720000000	0.982200000
0.727400000	0.982200000
0.727400000	0.982600000
0.731200000	0.982600000
0.731200000	0.982800000
0.735800000	0.982800000
0.735800000	0.983000000
0.739400000	0.983000000
0.739400000	0.983200000
0.739800000	0.983200000
0.739800000	0.983400000
0.744800000	0.983400000
0.744800000	0.983600000
0.750800000	0.983600000
0.750800000	0.983800000
0.751200000	0.983800000
0.751200000	0.984000000
0.755800000	0.984000000
0.755800000	0.984200000
0.757200000	0.984200000
0.757200000	0.984400000
0.759000000	0.984400000
0.759000000	0.984600000
0.763600000	0.984600000
0.763600000	0.984800000
0.764200000	0.984800000
0.764200000	0.985000000
0.766200000	0.985000000
0.766200000	0.985200000
0.767800000	0.985200000
0.767800000	0.985400000
0.771200000	0.985400000
0.771200000	0.985600000
0.772200000	0.985600000
0.772200000	0.985800000
0.773000000	0.985800000
0.773000000	0.986000000
0.775800000	0.986000000
0.775800000	0.986200000
0.777800000	0.986200000
0.777800000	0.986400000
0.783200000	0.986400000
0.783200000	0.986600000
0.783400000	0.986600000
0.783400000	0.986800000
0.783800000	0.986800000
0.783800000	0.987000000
0.790200000	0.987000000
0.790200000	0.987200000
0.790600000	0.987200000
0.790600000	0.987400000
0.791200000	0.987400000
0.791200000	0.987600000
0.793200000	0.987600000
0.793200000	0.988200000
0.793600000	0.988200000
0.793600000	0.988600000
0.798400000	0.988600000
0.798400000	0.988800000
0.800200000	0.988800000
0.800200000	0.989000000
0.808400000	0.989000000
0.808400000	0.989200000
0.813200000	0.989200000
0.813200000	0.989400000
0.814600000	0.989400000
0.814600000	0.989600000
0.821000000	0.989600000
0.821000000	0.989800000
0.824000000	0.989800000
0.824000000	0.990000000
0.825600000	0.990000000
0.825600000	0.990200000
0.830200000	0.990200000
0.830200000	0.990400000
0.830400000	0.990400000
0.830400000	0.990600000
0.831800000	0.990600000
0.831800000	0.990800000
0.832200000	0.990800000
0.832200000	0.991000000
0.833600000	0.991000000
0.833600000	0.991200000
0.841600000	0.991200000
0.841600000	0.991400000
0.842400000	0.991400000
0.842400000	0.991600000
0.843000000	0.991600000
0.843000000	0.991800000
0.845000000	0.991800000
0.845000000	0.992000000
0.849000000	0.992000000
0.849000000	0.992200000
0.860800000	0.992200000
0.860800000	0.992400000
0.867000000	0.992400000
0.867000000	0.992600000
0.871000000	0.992600000
0.871000000	0.993000000
0.875400000	0.993000000
0.875400000	0.993200000
0.877200000	0.993200000
0.877200000	0.993600000
0.878200000	0.993600000
0.878200000	0.993800000
0.883600000	0.993800000
0.883600000	0.994000000
0.888400000	0.994000000
0.888400000	0.994200000
0.897400000	0.994200000
0.897400000	0.994400000
0.897600000	0.994400000
0.897600000	0.994600000
0.899600000	0.994600000
0.899600000	0.994800000
0.912400000	0.994800000
0.912400000	0.995000000
0.922200000	0.995000000
0.922200000	0.995200000
0.923600000	0.995200000
0.923600000	0.995400000
0.925200000	0.995400000
0.925200000	0.995600000
0.925800000	0.995600000
0.925800000	0.995800000
0.927600000	0.995800000
0.927600000	0.996000000
0.929200000	0.996000000
0.929200000	0.996200000
0.933000000	0.996200000
0.933000000	0.996400000
0.938600000	0.996400000
0.938600000	0.996600000
0.940800000	0.996600000
0.940800000	0.996800000
0.942400000	0.996800000
0.942400000	0.997000000
0.942800000	0.997000000
0.942800000	0.997200000
0.943600000	0.997200000
0.943600000	0.997400000
0.950600000	0.997400000
0.950600000	0.997600000
0.956000000	0.997600000
0.956000000	0.998000000
0.963800000	0.998000000
0.963800000	0.998200000
0.968400000	0.998200000
0.968400000	0.998400000
0.968600000	0.998400000
0.968600000	0.998600000
0.970400000	0.998600000
0.970400000	0.998800000
0.982200000	0.998800000
0.982200000	0.999000000
0.985200000	0.999000000
0.985200000	0.999200000
0.989200000	0.999200000
0.989200000	0.999400000
0.992200000	0.999400000
0.992200000	0.999800000
0.996600000	0.999800000
0.996600000	1.000000000
1.000000000	1.000000000
