0.000000000	0.000000000
0.000020175	0.001590080
0.000049698	0.003123842
0.000087323	0.004738656
0.000130842	0.006371596
0.000175439	0.007885503
0.000226146	0.009472827
0.000280948	0.011070696
0.000337100	0.012610757
0.000391342	0.014023810
0.000453270	0.015563381
0.000523808	0.017237225
0.000595470	0.018864584
0.000666336	0.020412047
0.000744590	0.022059094
0.000819611	0.023584810
0.000901241	0.025192658
0.000976818	0.026637915
0.001057927	0.028147247
0.001144906	0.029722380
0.001238107	0.031365028
0.001337898	0.033076894
0.001426347	0.034557170
0.001519868	0.036087621
0.001618702	0.037669201
0.001723095	0.039302848
0.001822002	0.040818225
0.001937670	0.042553331
0.002034721	0.043980411
0.002135961	0.045442939
0.002255061	0.047131413
0.002365696	0.048670732
0.002480991	0.050246854
0.002601103	0.051860196
0.002726195	0.053511166
0.002839852	0.054986760
0.002957560	0.056491720
0.003079435	0.058026297
0.003205594	0.059590740
0.003336157	0.061185288
0.003471246	0.062810176
0.003590717	0.064227081
0.003734541	0.065908906
0.003861688	0.067374929
0.003992505	0.068863828
0.004149895	0.070630175
0.004288952	0.072169068
0.004431948	0.073731221
0.004578969	0.075316744
0.004730103	0.076925747
0.004859238	0.078284425
0.005018145	0.079936733
0.005181420	0.081612801
0.005320870	0.083027563
0.005492395	0.084747414
0.005638849	0.086198775
0.005788576	0.087666842
0.005972670	0.089450853
0.006129793	0.090955820
0.006290370	0.092477618
0.006454456	0.094016281
0.006622111	0.095571840
0.006793393	0.097144324
0.006968360	0.098733759
0.007147073	0.100340168
0.007329592	0.101963572
0.007478369	0.103274384
0.007667890	0.104928423
0.007861387	0.106599501
0.008019070	0.107948475
0.008219880	0.109650249
0.008383494	0.111023786
0.008591820	0.112756276
0.008761529	0.114154386
0.008977578	0.115917595
0.009153546	0.117340274
0.009354914	0.118953933
0.009536949	0.120399801
0.009745227	0.122039536
0.009933480	0.123508567
0.010148839	0.125174344
0.010343462	0.126666503
0.010541136	0.128169530
0.010767223	0.129873515
0.010971495	0.131399597
0.011178927	0.132936506
0.011389552	0.134484227
0.011603406	0.136042745
0.011820523	0.137612041
0.012040940	0.139192098
0.012264692	0.140782895
0.012491813	0.142384411
0.012693324	0.143794428
0.012926861	0.145415982
0.013163869	0.147048190
0.013374116	0.148485003
0.013617733	0.150137115
0.013833818	0.151591302
0.014084170	0.153263222
0.014306204	0.154734695
0.014531051	0.156214203
0.014791514	0.157914984
0.014989292	0.159197263
0.015256332	0.160916283
0.015493101	0.162428844
0.015732810	0.163949324
0.016010414	0.165696788
0.016221156	0.167013968
0.016505627	0.168779384
0.016721561	0.170109982
0.016976347	0.171669672
0.017234222	0.173237124
0.017495212	0.174812307
0.017759341	0.176395194
0.018026635	0.177985755
0.018258267	0.179355093
0.018531504	0.180959822
0.018807977	0.182572137
0.019087712	0.184192003
0.019330084	0.185586362
0.019615940	0.187220166
0.019863597	0.188626421
0.020155663	0.190274046
0.020451109	0.191929064
0.020707041	0.193353420
0.020965490	0.194783156
0.021270234	0.196458055
0.021534190	0.197899372
0.021845403	0.199587716
0.022114941	0.201040499
0.022432710	0.202742156
0.022707903	0.204206291
0.022985731	0.205675626
0.023266211	0.207150134
0.023596828	0.208877003
0.023883106	0.210362632
0.024172084	0.211853352
0.024463778	0.213349135
0.024758204	0.214849955
0.025105197	0.216607347
0.025405597	0.218118985
0.025708778	0.219635572
0.026014757	0.221157079
0.026323548	0.222683477
0.026635168	0.224214738
0.026949632	0.225750832
0.027266955	0.227291730
0.027587152	0.228837401
0.027910240	0.230387817
0.028236234	0.231942946
0.028565149	0.233502757
0.028897000	0.235067221
0.029231802	0.236636305
0.029569572	0.238209979
0.029853307	0.239524776
0.030196555	0.241106780
0.030542813	0.242693283
0.030892096	0.244284252
0.031244420	0.245879655
0.031540338	0.247212439
0.031898274	0.248815885
0.032259292	0.250423669
0.032623408	0.252035760
0.032929196	0.253382352
0.033299029	0.255002249
0.033672001	0.256626355
0.033985201	0.257982885
0.034363967	0.259614619
0.034682015	0.260977455
0.035066624	0.262616699
0.035454440	0.264259989
0.035780061	0.265632378
0.036173795	0.267282994
0.036504367	0.268661437
0.036904067	0.270319258
0.037239630	0.271703654
0.037645343	0.273368557
0.037985937	0.274758804
0.038397712	0.276430666
0.038743376	0.277826660
0.039161258	0.279505357
0.039512031	0.280906994
0.039936068	0.282592400
0.040291988	0.283999575
0.040722225	0.285691562
0.041083332	0.287104169
0.041446807	0.288519208
0.041886144	0.290220541
0.042254861	0.291640856
0.042625971	0.293063533
0.043074503	0.294773936
0.043450908	0.296201730
0.043829732	0.297631815
0.044287552	0.299351012
0.044671723	0.300786054
0.045058337	0.302223313
0.045525536	0.303951023
0.045917550	0.305393078
0.046312029	0.306837277
0.046708981	0.308283595
0.047188629	0.310022050
0.047591047	0.311472951
0.047995962	0.312925897
0.048403380	0.314380866
0.048895626	0.316129571
0.049308576	0.317588906
0.049724050	0.319050187
0.050142057	0.320513391
0.050562603	0.321978495
0.051070650	0.323739200
0.051496806	0.325208398
0.051925522	0.326679420
0.052356804	0.328152240
0.052790661	0.329626836
0.053227097	0.331103182
0.053666119	0.332581256
0.054107735	0.334061032
0.054641137	0.335839086
0.055088479	0.337322524
0.055538433	0.338807587
0.055991007	0.340294251
0.056446205	0.341782492
0.056904035	0.343272286
0.057364501	0.344763607
0.057827611	0.346256433
0.058293369	0.347750737
0.058761782	0.349246496
0.059232856	0.350743685
0.059706595	0.352242280
0.060183007	0.353742255
0.060662095	0.355243588
0.061143866	0.356746252
0.061628326	0.358250223
0.062115479	0.359755477
0.062605331	0.361261988
0.063097888	0.362769733
0.063593154	0.364278686
0.064091134	0.365788823
0.064591834	0.367300119
0.065095259	0.368812549
0.065601414	0.370326088
0.066110303	0.371840712
0.066621931	0.373356396
0.067136304	0.374873116
0.067653425	0.376390845
0.068173300	0.377909560
0.068695933	0.379429235
0.069221328	0.380949847
0.069749491	0.382471369
0.070227192	0.383841456
0.070760623	0.385364641
0.071296834	0.386888665
0.071835828	0.388413503
0.072377611	0.389939131
0.072867586	0.391312808
0.073414676	0.392839868
0.073964565	0.394367645
0.074517257	0.395896115
0.075017065	0.397272267
0.075575093	0.398801985
0.076135934	0.400332324
0.076699593	0.401863259
0.077152524	0.403088345
0.077721262	0.404620291
0.078292828	0.406152764
0.078867224	0.407685740
0.079444453	0.409219194
0.080024518	0.410753101
0.080607423	0.412287436
0.081075765	0.413515122
0.081663789	0.415050167
0.082254660	0.416585572
0.082848382	0.418121312
0.083444957	0.419657364
0.083924244	0.420886337
0.084525961	0.422422886
0.085130538	0.423959678
0.085737979	0.425496688
0.086348284	0.427033892
0.086899994	0.428417479
0.087515749	0.429954985
0.088134376	0.431492614
0.088631316	0.432722715
0.089255116	0.434260505
0.089881794	0.435798352
0.090511350	0.437336230
0.091080396	0.438720286
0.091715427	0.440258158
0.092353342	0.441795993
0.092865719	0.443026143
0.093508828	0.444563850
0.094154825	0.446101452
0.094803710	0.447638927
0.095324868	0.448868722
0.095978956	0.450405906
0.096635938	0.451942895
0.097295812	0.453479666
0.097825763	0.454708835
0.098490847	0.456245153
0.099158827	0.457781188
0.099829703	0.459316916
0.100368457	0.460545187
0.101044548	0.462080303
0.101723537	0.463615046
0.102405424	0.465149394
0.102952987	0.466376498
0.103640092	0.467910076
0.104330095	0.469443194
0.105022998	0.470975829
0.105579373	0.472201499
0.106277493	0.473733207
0.106978512	0.475264368
0.107682429	0.476794960
0.108247615	0.478018933
0.108956749	0.479548443
0.109668780	0.481077320
0.110240456	0.482299877
0.110957701	0.483827559
0.111677841	0.485354546
0.112400877	0.486880816
0.112981353	0.488101225
0.113709597	0.489626148
0.114440733	0.491150291
0.115027688	0.492368956
0.115764027	0.493891641
0.116503255	0.495413486
0.117245370	0.496934469
0.117841105	0.498150546
0.118588414	0.499669922
0.119338608	0.501188376
0.119940800	0.502402387
0.120696179	0.503919126
0.121454437	0.505434883
0.122215572	0.506949637
0.122826512	0.508160629
0.123592820	0.509673523
0.124361999	0.511185355
0.124979370	0.512393968
0.125753711	0.513903835
0.126530916	0.515412581
0.127310985	0.516920186
0.127937060	0.518125361
0.128722274	0.519630860
0.129510343	0.521135160
0.130142813	0.522337650
0.130936014	0.523839742
0.131732062	0.525340579
0.132370909	0.526540258
0.133172075	0.528038785
0.133976079	0.529536001
0.134782918	0.531031886
0.135430389	0.532227550
0.136242324	0.533720990
0.137057085	0.535213044
0.137710886	0.536405604
0.138530725	0.537895115
0.139353379	0.539383186
0.140096150	0.540721163
0.140924144	0.542206445
0.141588519	0.543393523
0.142421559	0.544876101
0.143257397	0.546357150
0.144012016	0.547688730
0.144853158	0.549166823
0.145528035	0.550348085
0.146374187	0.551823315
0.147223117	0.553296928
0.148074819	0.554768907
0.148758132	0.555945230
0.149614814	0.557414221
0.150474256	0.558881528
0.151163751	0.560054077
0.152028148	0.561518307
0.152895291	0.562980801
0.153678039	0.564295509
0.154550386	0.565754661
0.155250187	0.566920626
0.156127446	0.568376552
0.157007426	0.569830661
0.157890123	0.571282938
0.158598189	0.572443357
0.159485760	0.573892292
0.160376033	0.575339346
0.161090148	0.576495554
0.161985266	0.577939182
0.162883069	0.579380883
0.163783551	0.580820642
0.164505816	0.581970968
0.165411104	0.583407189
0.166319052	0.584841421
0.167047279	0.585987294
0.167960002	0.587417908
0.168875368	0.588846489
0.169793372	0.590273022
0.170529625	0.591412694
0.171452359	0.592835501
0.172377712	0.594256218
0.173305677	0.595674828
0.174049879	0.596808120
0.174982528	0.598222900
0.175917770	0.599635532
0.176667779	0.600764012
0.177607670	0.602172740
0.178550133	0.603579278
0.179495162	0.604983612
0.180252981	0.606105414
0.181202610	0.607505745
0.182154783	0.608903832
0.183109493	0.610299662
0.183875037	0.611414622
0.184834295	0.612806352
0.185796070	0.614195785
0.186760352	0.615582908
0.187533532	0.616690867
0.188502309	0.618073798
0.189473572	0.619454381
0.190447313	0.620832603
0.191228037	0.621933405
0.192206218	0.623307344
0.193186853	0.624678887
0.194169936	0.626048019
0.194958109	0.627141515
0.195945574	0.628506278
0.196935462	0.629868596
0.197927764	0.631228456
0.198922472	0.632585847
0.199719916	0.633669908
0.200718932	0.635022823
0.201720329	0.636373236
0.202724099	0.637721134
0.203528767	0.638797567
0.204536784	0.640140909
0.205547148	0.641481704
0.206559850	0.642819940
0.207574880	0.644155606
0.208388525	0.645222216
0.209407723	0.646553229
0.210429224	0.647881642
0.211453018	0.649207443
0.212479095	0.650530622
0.213301545	0.651587206
0.214331708	0.652905639
0.215364128	0.654221421
0.216398794	0.655534542
0.217435698	0.656844991
0.218266774	0.657891356
0.219307679	0.659196971
0.220350794	0.660499887
0.221396107	0.661800093
0.222443610	0.663097582
0.223283130	0.664133545
0.224334547	0.665426116
0.225388125	0.666715942
0.226443853	0.668003015
0.227501721	0.669287324
0.228561718	0.670568861
0.229411190	0.671592027
0.230474994	0.672868553
0.231540897	0.674142282
0.232608890	0.675413207
0.233678962	0.676681319
0.234751101	0.677946609
0.235717756	0.679082916
0.236793794	0.680342823
0.237871869	0.681599885
0.238951970	0.682854094
0.239817448	0.683855341
0.240901167	0.685104396
0.241986880	0.686350577
0.243074576	0.687593877
0.244164245	0.688834287
0.245255875	0.690071802
0.246349455	0.691306413
0.247335304	0.692415042
0.248432557	0.693644118
0.249531727	0.694870272
0.250632802	0.696093495
0.251735771	0.697313782
0.252619448	0.698287834
0.253725797	0.699502819
0.254834007	0.700714851
0.255944067	0.701923922
0.257055965	0.703130026
0.258169689	0.704333158
0.259285227	0.705533312
0.260402568	0.706730482
0.261521699	0.707924663
0.262642610	0.709115848
0.263652909	0.710185317
0.264777166	0.711370797
0.265903167	0.712553266
0.267030899	0.713732719
0.268160352	0.714909152
0.269291511	0.716082559
0.270424367	0.717252936
0.271558905	0.718420277
0.272467683	0.719351905
0.273605220	0.720513772
0.274744405	0.721672591
0.275885227	0.722828358
0.277027672	0.723981069
0.278171729	0.725130719
0.279317385	0.726277304
0.280464627	0.727420821
0.281613443	0.728561266
0.282763820	0.729698635
0.283915746	0.730832924
0.285069208	0.731964130
0.286224193	0.733092249
0.287380689	0.734217279
0.288538682	0.735339215
0.289698161	0.736458055
0.290859112	0.737573795
0.292021523	0.738686433
0.293185380	0.739795966
0.294350672	0.740902392
0.295517384	0.742005706
0.296685504	0.743105907
0.297855019	0.744202993
0.299025916	0.745296960
0.300198182	0.746387807
0.301371805	0.747475532
0.302546770	0.748560132
0.303723065	0.749641605
0.304900677	0.750719950
0.306079592	0.751795164
0.307259799	0.752867246
0.308441282	0.753936194
0.309624030	0.755002007
0.310808029	0.756064683
0.312230547	0.757335829
0.313417251	0.758391599
0.314605164	0.759444228
0.315794273	0.760493714
0.316984563	0.761540058
0.318176023	0.762583257
0.319368637	0.763623312
0.320562394	0.764660220
0.321757280	0.765693983
0.322953280	0.766724598
0.324150383	0.767752066
0.325348574	0.768776386
0.326787910	0.770001489
0.327988449	0.771018883
0.329190033	0.772033127
0.330392649	0.773044223
0.331596284	0.774052170
0.332800925	0.775056968
0.334006557	0.776058618
0.335213167	0.777057120
0.336662459	0.778251239
0.337871174	0.779242815
0.339080823	0.780231244
0.340291394	0.781216527
0.341502872	0.782198664
0.342715245	0.783177656
0.343928499	0.784153503
0.345385635	0.785320442
0.346600779	0.786289375
0.347816759	0.787255167
0.349033564	0.788217819
0.350251178	0.789177332
0.351713455	0.790324676
0.352932805	0.791277288
0.354152920	0.792226765
0.355373789	0.793173109
0.356595398	0.794116322
0.358062374	0.795244115
0.359285562	0.796180443
0.360509445	0.797113646
0.361734011	0.798043725
0.362959246	0.798970681
0.364430481	0.800078978
0.365657140	0.800999072
0.366884423	0.801916051
0.368112319	0.802829917
0.369586672	0.803922515
0.370815866	0.804829539
0.372045628	0.805733457
0.373275944	0.806634271
0.374753128	0.807711221
0.375984618	0.808605217
0.377216619	0.809496118
0.378695767	0.810561183
0.379928846	0.811445284
0.381162393	0.812326300
0.382643339	0.813379514
0.383877868	0.814253750
0.385112823	0.815124911
0.386348189	0.815992998
0.387831243	0.817030714
0.389067467	0.817892051
0.390304060	0.818750326
0.391788529	0.819776281
0.393025885	0.820627829
0.394263567	0.821476326
0.395749286	0.822490561
0.396987637	0.823332357
0.398474121	0.824338561
0.399713076	0.825173674
0.400952285	0.826005755
0.402439742	0.827000316
0.403679461	0.827825740
0.405167492	0.828812325
0.406407658	0.829631112
0.407648006	0.830446890
0.409136736	0.831421914
0.410377437	0.832231083
0.411866552	0.833198190
0.413107543	0.834000772
0.414348644	0.834800366
0.415838185	0.835756001
0.417079483	0.836549039
0.418569222	0.837496819
0.419810655	0.838283322
0.421300517	0.839223273
0.422542020	0.840003263
0.424031930	0.840935412
0.425273442	0.841708914
0.426763323	0.842633289
0.428004781	0.843400324
0.429494560	0.844316953
0.430735900	0.845077546
0.432225502	0.845986458
0.433466664	0.846740633
0.434956014	0.847641857
0.436196936	0.848389638
0.437685961	0.849283205
0.438926581	0.850024618
0.440415206	0.850910557
0.441655463	0.851645626
0.443143616	0.852523969
0.444631481	0.853398182
0.445871057	0.854123499
0.447358337	0.854990164
0.448597395	0.855709205
0.450084018	0.856568354
0.451570252	0.857423417
0.452808392	0.858132812
0.454293858	0.858980409
0.455531328	0.859683597
0.457015955	0.860523762
0.458500093	0.861359887
0.459736412	0.862053537
0.461219601	0.862882282
0.462702243	0.863707016
0.463937270	0.864391196
0.465418855	0.865208603
0.466899833	0.866022028
0.468133429	0.866696807
0.469613242	0.867502959
0.471092392	0.868305158
0.472324419	0.868970606
0.473802297	0.869765588
0.475279453	0.870556648
0.476755866	0.871343796
0.477985554	0.871996733
0.479460554	0.872776739
0.480934755	0.873552864
0.482408137	0.874325120
0.483880679	0.875093517
0.485107068	0.875730869
0.486578021	0.876492221
0.488048079	0.877249746
0.489517223	0.878003454
0.490985432	0.878753359
0.492208138	0.879375343
0.493674585	0.880118301
0.495140044	0.880857487
0.496604494	0.881592911
0.498067918	0.882324586
0.499530296	0.883052522
0.500991609	0.883776732
0.502208469	0.884377365
0.503667781	0.885094773
0.505125976	0.885808487
0.506583034	0.886518518
0.508038937	0.887224880
0.509493667	0.887927582
0.510947205	0.888626637
0.512399534	0.889322058
0.513850634	0.890013855
0.515300489	0.890702040
0.516749079	0.891386626
0.518196388	0.892067625
0.519642397	0.892745047
0.521087089	0.893418906
0.522530446	0.894089214
0.523972451	0.894755981
0.525413086	0.895419222
0.526852335	0.896078946
0.528290179	0.896735168
0.529726601	0.897387898
0.531161586	0.898037149
0.532595115	0.898682933
0.534027171	0.899325263
0.535457740	0.899964150
0.536886802	0.900599606
0.538314343	0.901231645
0.539977963	0.901964765
0.541402149	0.902589440
0.542824762	0.903210735
0.544245785	0.903828665
0.545665201	0.904443239
0.547082996	0.905054472
0.548735120	0.905763412
0.550149347	0.906367446
0.551561901	0.906968176
0.552972769	0.907565617
0.554616728	0.908258530
0.556023887	0.908848883
0.557429310	0.909435985
0.558832982	0.910019848
0.560468466	0.910696986
0.561868293	0.911273874
0.563266322	0.911847563
0.564895163	0.912512880
0.566289245	0.913079680
0.567681484	0.913643319
0.569303510	0.914296961
0.570691703	0.914853797
0.572308971	0.915499535
0.573693052	0.916049625
0.575075214	0.916596622
0.576685389	0.917230930
0.578063343	0.917771267
0.579668573	0.918397840
0.581042256	0.918931576
0.582642466	0.919550480
0.584011815	0.920077673
0.585606932	0.920688978
0.586971887	0.921209687
0.588561840	0.921813461
0.589922338	0.922327744
0.591507057	0.922924055
0.592863039	0.923431970
0.594442455	0.924020885
0.596018987	0.924605847
0.597367908	0.925104080
0.598939033	0.925681750
0.600507219	0.926255523
0.601848943	0.926744211
0.603411621	0.927310798
0.604971307	0.927873542
0.606305704	0.928352823
0.607859784	0.928908485
0.609410820	0.929460361
0.610958793	0.930008471
0.612283096	0.930475268
0.614045511	0.931093479
0.615364492	0.931553901
0.616900491	0.932087665
0.618433345	0.932617758
0.619963036	0.933144198
0.621271590	0.933592512
0.623012890	0.934186206
0.624315955	0.934628339
0.626049898	0.935213834
0.627347419	0.935649852
0.629073934	0.936227236
0.630365858	0.936657204
0.632084874	0.937226564
0.633371148	0.937650548
0.635082597	0.938211971
0.636363171	0.938630035
0.638066986	0.939183609
0.639341810	0.939595819
0.641037926	0.940141629
0.642518305	0.940615574
0.643995280	0.941086172
0.645468839	0.941553440
0.647148807	0.942083440
0.648405677	0.942478070
0.650077757	0.943000569
0.651537019	0.943454241
0.653200583	0.943968796
0.654445107	0.944351909
0.656100664	0.944859137
0.657751622	0.945362216
0.658986660	0.945736773
0.660629526	0.946232656
0.662267745	0.946724465
0.663697274	0.947151450
0.665326734	0.947635692
0.666748576	0.948056098
0.668369222	0.948532867
0.669783327	0.948946776
0.671395104	0.949416166
0.672801426	0.949823659
0.674404282	0.950285763
0.675802776	0.950686922
0.677396660	0.951141832
0.678985740	0.951592944
0.680372147	0.951984547
0.681952181	0.952428605
0.683527372	0.952868939
0.685097708	0.953305575
0.686467675	0.953684593
0.688028874	0.954114363
0.689585183	0.954540507
0.691136589	0.954963051
0.692683083	0.955382020
0.694224653	0.955797440
0.695761289	0.956209335
0.697292980	0.956617730
0.698819716	0.957022650
0.700341488	0.957424121
0.701858285	0.957822165
0.703370100	0.958216809
0.704876922	0.958608076
0.706378743	0.958995990
0.707875555	0.959380576
0.709367350	0.959761858
0.710854120	0.960139860
0.712335857	0.960514606
0.713812554	0.960886118
0.715467906	0.961300260
0.716933870	0.961664981
0.718577130	0.962071542
0.720032331	0.962429577
0.721482459	0.962784503
0.723288195	0.963223874
0.724726886	0.963571885
0.726160485	0.963916861
0.727767291	0.964301382
0.729190056	0.964639981
0.730961547	0.965059115
0.732372818	0.965391074
0.733778976	0.965720117
0.735529688	0.966127405
0.736924326	0.966449970
0.738487263	0.966809478
0.740043710	0.967165417
0.741421683	0.967478817
0.743137141	0.967866716
0.744503563	0.968173903
0.746204575	0.968554103
0.747728527	0.968892652
0.749245975	0.969227814
0.750924500	0.969596300
0.752261372	0.969888095
0.753925435	0.970249218
0.755416131	0.970570759
0.757064929	0.970924251
0.758378023	0.971204156
0.760012362	0.971550548
0.761638670	0.971893049
0.763256950	0.972231698
0.764545639	0.972499837
0.766149476	0.972831649
0.767745294	0.973159715
0.769333098	0.973484072
0.770912891	0.973804758
0.772484680	0.974121809
0.774048469	0.974435261
0.775604266	0.974745151
0.776843001	0.974990493
0.778691982	0.975354404
0.780223840	0.975653822
0.781747735	0.975949820
0.783263675	0.976242433
0.784771669	0.976531695
0.786271725	0.976817640
0.787763854	0.977100303
0.789248067	0.977379717
0.791018901	0.977710813
0.792485732	0.977983197
0.793944682	0.978252438
0.795685246	0.978571463
0.797126896	0.978833903
0.798560704	0.979093304
0.800271149	0.979400656
0.801687750	0.979653481
0.803377583	0.979953030
0.804777043	0.980199430
0.806446348	0.980491358
0.807828740	0.980731480
0.809477604	0.981015961
0.811115357	0.981296453
0.812471519	0.981527158
0.814088976	0.981800470
0.815695403	0.982069934
0.817290831	0.982335602
0.818875289	0.982597521
0.820448811	0.982855740
0.822011426	0.983110307
0.823563169	0.983361269
0.825104072	0.983608672
0.826634169	0.983852564
0.828153494	0.984092988
0.829662083	0.984329992
0.831159970	0.984563619
0.832647192	0.984793914
0.834369063	0.985058470
0.835833301	0.985281693
0.837286991	0.985501721
0.838969887	0.985754469
0.840400854	0.985967717
0.842057342	0.986212667
0.843465768	0.986419329
0.845096065	0.986656705
0.846712350	0.986890092
0.848314688	0.987119553
0.849676904	0.987313132
0.851477842	0.987566949
0.852816428	0.987754050
0.854586007	0.987999364
0.855901195	0.988180190
0.857639728	0.988417267
0.859146320	0.988620915
0.860851941	0.988849452
0.862119423	0.989017898
0.863794665	0.989238725
0.865452693	0.989455257
0.867093616	0.989667570
0.868515305	0.989849923
0.870124452	0.990054536
0.871716811	0.990255150
0.873292491	0.990451837
0.874851606	0.990644672
0.876394268	0.990833724
0.877920590	0.991019064
0.879430686	0.991200760
0.880924670	0.991378881
0.882402656	0.991553492
0.884228262	0.991766973
0.885670672	0.991933925
0.887097459	0.992097577
0.888859581	0.992297643
0.890251641	0.992454093
0.891970713	0.992645345
0.893328637	0.992794894
0.895005399	0.992977702
0.896658976	0.993155971
0.898127383	0.993312605
0.899737542	0.993482549
0.901325184	0.993648260
0.902890537	0.993809841
0.904433834	0.993967389
0.905955303	0.994121001
0.907455175	0.994270771
0.908933680	0.994416791
0.910680428	0.994587234
0.912112727	0.994725319
0.913804680	0.994886490
0.915191880	0.995017055
0.916830363	0.995169440
0.918440232	0.995317228
0.920021878	0.995460554
0.921575691	0.995599548
0.923102056	0.995734336
0.924601361	0.995865042
0.926317272	0.996012568
0.927759247	0.996134835
0.929409297	0.996272826
0.931024735	0.996405934
0.932381967	0.996516241
0.934154244	0.996658174
0.935669376	0.996777618
0.937361881	0.996908969
0.938808550	0.997019498
0.940424284	0.997141038
0.942000276	0.997257641
0.943537352	0.997369504
0.945036327	0.997476816
0.946498008	0.997579758
0.948274731	0.997702616
0.949655368	0.997796353
0.951333198	0.997908216
0.952958162	0.998014394
0.954531716	0.998115173
0.956055289	0.998210823
0.957530280	0.998301602
0.959238896	0.998404501
0.960881784	0.998501134
0.962201648	0.998577113
0.963729897	0.998663227
0.965438662	0.998757124
0.967069731	0.998844370
0.968626325	0.998925433
0.970111558	0.999000751
0.971726215	0.999080351
0.973255837	0.999153532
0.974704584	0.999220812
0.976409469	0.999297408
0.978001416	0.999366360
0.979487477	0.999428433
0.981141908	0.999494870
0.982664020	0.999553440
0.984287575	0.999613131
0.985959627	0.999671495
0.987453452	0.999720857
0.989101115	0.999772114
0.990530449	0.999813726
0.991999956	0.999853569
0.993610778	0.999893557
0.995440318	0.999933787
0.996732871	0.999958406
0.998324029	0.999983425
1.000000000	1.000000000