0.000000000	0.000000000
0.000000000	0.614400000
0.000000000	0.624400000
0.000000000	0.629400000
0.000000000	0.633000000
0.000000000	0.636200000
0.000000000	0.638000000
0.000000000	0.640000000
0.000000000	0.642600000
0.000000000	0.646200000
0.000000000	0.649000000
0.000000000	0.651000000
0.000000000	0.652200000
0.000000000	0.653000000
0.000000000	0.653200000
0.000000000	0.655600000
0.000000000	0.657200000
0.000000000	0.657800000
0.000000000	0.659200000
0.000000000	0.660000000
0.000000000	0.660200000
0.000000000	0.661000000
0.000000000	0.661200000
0.000000000	0.661600000
0.000000000	0.662400000
0.000000000	0.662800000
0.000000000	0.663400000
0.000000000	0.663800000
0.000000000	0.664200000
0.000000000	0.665000000
0.000000000	0.665200000
0.000000000	0.666600000
0.000000000	0.667000000
0.000000000	0.668200000
0.000000000	0.668600000
0.000000000	0.669200000
0.000000000	0.670000000
0.000000000	0.670400000
0.000000000	0.671000000
0.000000000	0.672200000
0.000000000	0.673400000
0.000000000	0.673800000
0.000000000	0.674200000
0.000200000	0.674200000
0.000200000	0.674600000
0.000200000	0.675200000
0.000200000	0.675600000
0.000200000	0.676400000
0.000200000	0.676800000
0.000200000	0.677200000
0.000200000	0.677600000
0.000200000	0.678400000
0.000200000	0.678800000
0.000200000	0.679000000
0.000200000	0.679400000
0.000200000	0.679600000
0.000200000	0.680000000
0.000200000	0.680200000
0.000200000	0.680600000
0.000200000	0.682200000
0.000200000	0.682600000
0.000200000	0.683800000
0.000200000	0.684200000
0.000200000	0.686200000
0.000200000	0.686600000
0.000200000	0.687200000
0.000200000	0.688400000
0.000200000	0.689200000
0.000200000	0.691200000
0.000200000	0.691600000
0.000200000	0.692000000
0.000200000	0.692400000
0.000200000	0.699200000
0.000200000	0.699600000
0.000200000	0.707400000
0.000400000	0.707400000
0.000400000	0.717600000
0.000600000	0.717600000
0.000600000	0.726000000
0.000600000	0.726400000
0.000600000	0.733600000
0.000600000	0.734000000
0.000600000	0.736000000
0.000800000	0.736000000
0.000800000	0.741000000
0.001000000	0.741000000
0.001000000	0.747600000
0.001200000	0.747600000
0.001200000	0.750200000
0.001400000	0.750200000
0.001400000	0.751800000
0.001600000	0.751800000
0.001600000	0.753600000
0.001800000	0.753600000
0.001800000	0.755800000
0.002000000	0.755800000
0.002000000	0.757000000
0.002200000	0.757000000
0.002200000	0.758400000
0.002400000	0.758400000
0.002400000	0.764600000
0.002600000	0.764600000
0.002600000	0.765800000
0.002800000	0.765800000
0.002800000	0.768000000
0.003000000	0.768000000
0.003000000	0.770200000
0.003200000	0.770200000
0.003200000	0.773200000
0.003400000	0.773200000
0.003400000	0.776000000
0.003800000	0.776000000
0.003800000	0.779000000
0.004000000	0.779000000
0.004000000	0.783400000
0.004600000	0.783400000
0.004600000	0.783800000
0.004800000	0.783800000
0.004800000	0.784400000
0.005000000	0.784400000
0.005000000	0.786400000
0.005400000	0.786400000
0.005400000	0.787800000
0.005600000	0.787800000
0.005600000	0.790800000
0.005800000	0.790800000
0.005800000	0.791200000
0.006000000	0.791200000
0.006000000	0.792000000
0.006200000	0.792000000
0.006200000	0.792400000
0.006400000	0.792400000
0.006400000	0.792600000
0.006600000	0.792600000
0.006600000	0.794800000
0.006800000	0.794800000
0.006800000	0.796000000
0.007400000	0.796000000
0.007400000	0.797600000
0.007600000	0.797600000
0.007600000	0.797800000
0.008000000	0.797800000
0.008000000	0.798200000
0.008200000	0.798200000
0.008200000	0.799200000
0.008600000	0.799200000
0.008600000	0.799600000
0.008800000	0.799600000
0.008800000	0.801400000
0.009000000	0.801400000
0.009000000	0.801600000
0.009200000	0.801600000
0.009200000	0.802200000
0.009400000	0.802200000
0.009400000	0.803200000
0.009600000	0.803200000
0.009600000	0.804400000
0.009800000	0.804400000
0.009800000	0.804600000
0.010000000	0.804600000
0.010000000	0.804800000
0.010200000	0.804800000
0.010200000	0.805000000
0.010400000	0.805000000
0.010400000	0.805800000
0.010600000	0.805800000
0.010600000	0.806400000
0.011000000	0.806400000
0.011000000	0.808000000
0.011200000	0.808000000
0.011200000	0.809000000
0.011400000	0.809000000
0.011400000	0.810000000
0.011600000	0.810000000
0.011600000	0.810200000
0.011800000	0.810200000
0.011800000	0.812000000
0.012600000	0.812000000
0.012600000	0.812200000
0.012800000	0.812200000
0.012800000	0.812600000
0.013400000	0.812600000
0.013400000	0.812800000
0.013800000	0.812800000
0.013800000	0.813000000
0.014000000	0.813000000
0.014000000	0.814000000
0.014400000	0.814000000
0.014400000	0.815600000
0.014600000	0.815600000
0.014600000	0.815800000
0.014800000	0.815800000
0.014800000	0.816800000
0.015200000	0.816800000
0.015200000	0.817000000
0.015600000	0.817000000
0.015600000	0.817600000
0.016000000	0.817600000
0.016000000	0.817800000
0.016200000	0.817800000
0.016200000	0.818000000
0.016800000	0.818000000
0.016800000	0.818200000
0.017000000	0.818200000
0.017000000	0.818800000
0.017800000	0.818800000
0.017800000	0.819400000
0.018600000	0.819400000
0.018600000	0.819800000
0.018800000	0.819800000
0.018800000	0.820600000
0.019000000	0.820600000
0.019000000	0.820800000
0.019200000	0.820800000
0.019200000	0.821000000
0.019800000	0.821000000
0.019800000	0.821600000
0.020200000	0.821600000
0.020200000	0.822000000
0.020400000	0.822000000
0.020400000	0.822400000
0.020600000	0.822400000
0.020600000	0.823200000
0.020800000	0.823200000
0.020800000	0.824800000
0.021000000	0.824800000
0.021000000	0.826000000
0.021200000	0.826000000
0.021200000	0.826400000
0.021400000	0.826400000
0.021400000	0.826600000
0.021800000	0.826600000
0.021800000	0.827000000
0.022000000	0.827000000
0.022000000	0.827200000
0.022200000	0.827200000
0.022200000	0.827600000
0.022400000	0.827600000
0.022400000	0.828200000
0.022800000	0.828200000
0.022800000	0.828600000
0.023200000	0.828600000
0.023200000	0.828800000
0.023600000	0.828800000
0.023600000	0.829200000
0.024400000	0.829200000
0.024400000	0.829600000
0.024600000	0.829600000
0.024600000	0.829800000
0.024800000	0.829800000
0.024800000	0.830000000
0.025200000	0.830000000
0.025200000	0.830400000
0.025400000	0.830400000
0.025400000	0.830600000
0.025800000	0.830600000
0.025800000	0.830800000
0.026400000	0.830800000
0.026400000	0.831000000
0.026600000	0.831000000
0.026600000	0.831200000
0.026800000	0.831200000
0.026800000	0.831400000
0.027000000	0.831400000
0.027000000	0.831800000
0.027200000	0.831800000
0.027200000	0.832000000
0.027400000	0.832000000
0.027400000	0.832400000
0.027600000	0.832400000
0.027600000	0.833200000
0.028000000	0.833200000
0.028000000	0.833600000
0.028600000	0.833600000
0.028600000	0.834000000
0.028800000	0.834000000
0.028800000	0.834200000
0.029200000	0.834200000
0.029200000	0.835600000
0.029400000	0.835600000
0.029400000	0.836000000
0.029600000	0.836000000
0.029600000	0.836600000
0.030200000	0.836600000
0.030200000	0.837200000
0.030400000	0.837200000
0.030400000	0.837400000
0.030800000	0.837400000
0.030800000	0.838800000
0.031800000	0.838800000
0.031800000	0.839000000
0.032000000	0.839000000
0.032000000	0.839200000
0.033200000	0.839200000
0.033200000	0.839600000
0.033400000	0.839600000
0.033400000	0.840200000
0.033600000	0.840200000
0.033600000	0.840800000
0.034400000	0.840800000
0.034400000	0.841000000
0.035000000	0.841000000
0.035000000	0.841200000
0.035400000	0.841200000
0.035400000	0.841400000
0.035600000	0.841400000
0.035600000	0.842000000
0.036000000	0.842000000
0.036000000	0.842200000
0.037800000	0.842200000
0.037800000	0.842600000
0.038200000	0.842600000
0.038200000	0.843000000
0.038600000	0.843000000
0.038600000	0.843200000
0.038800000	0.843200000
0.038800000	0.843600000
0.039200000	0.843600000
0.039200000	0.843800000
0.039400000	0.843800000
0.039400000	0.844200000
0.039800000	0.844200000
0.039800000	0.844600000
0.040600000	0.844600000
0.040600000	0.844800000
0.040800000	0.844800000
0.040800000	0.845000000
0.041400000	0.845000000
0.041400000	0.845400000
0.042400000	0.845400000
0.042400000	0.845600000
0.042600000	0.845600000
0.042600000	0.845800000
0.042800000	0.845800000
0.042800000	0.846200000
0.043000000	0.846200000
0.043000000	0.846400000
0.043200000	0.846400000
0.043200000	0.846600000
0.043800000	0.846600000
0.043800000	0.846800000
0.044000000	0.846800000
0.044000000	0.847200000
0.044400000	0.847200000
0.044400000	0.847400000
0.044600000	0.847400000
0.044600000	0.847600000
0.044800000	0.847600000
0.044800000	0.847800000
0.045200000	0.847800000
0.045200000	0.848000000
0.045400000	0.848000000
0.045400000	0.848400000
0.045800000	0.848400000
0.045800000	0.848600000
0.046200000	0.848600000
0.046200000	0.848800000
0.046600000	0.848800000
0.046600000	0.849000000
0.047000000	0.849000000
0.047000000	0.849200000
0.047200000	0.849200000
0.047200000	0.849400000
0.048200000	0.849400000
0.048200000	0.849600000
0.048400000	0.849600000
0.048400000	0.849800000
0.048600000	0.849800000
0.048600000	0.850000000
0.048800000	0.850000000
0.048800000	0.850200000
0.049600000	0.850200000
0.049600000	0.850400000
0.049800000	0.850400000
0.049800000	0.850800000
0.050200000	0.850800000
0.050200000	0.851000000
0.050400000	0.851000000
0.050400000	0.851200000
0.051400000	0.851200000
0.051400000	0.851600000
0.052000000	0.851600000
0.052000000	0.851800000
0.052200000	0.851800000
0.052200000	0.852000000
0.052400000	0.852000000
0.052400000	0.852600000
0.053000000	0.852600000
0.053000000	0.853200000
0.053400000	0.853200000
0.053400000	0.853400000
0.054200000	0.853400000
0.054200000	0.853800000
0.054400000	0.853800000
0.054400000	0.854200000
0.056000000	0.854200000
0.056000000	0.854400000
0.056600000	0.854400000
0.056600000	0.855000000
0.056800000	0.855000000
0.056800000	0.855400000
0.057200000	0.855400000
0.057200000	0.855600000
0.057400000	0.855600000
0.057400000	0.855800000
0.057800000	0.855800000
0.057800000	0.856400000
0.058000000	0.856400000
0.058000000	0.856800000
0.058200000	0.856800000
0.058200000	0.857000000
0.060200000	0.857000000
0.060200000	0.857200000
0.060400000	0.857200000
0.060400000	0.857400000
0.061200000	0.857400000
0.061200000	0.857600000
0.061400000	0.857600000
0.061400000	0.857800000
0.062200000	0.857800000
0.062200000	0.858000000
0.062400000	0.858000000
0.062400000	0.858200000
0.063000000	0.858200000
0.063000000	0.858400000
0.063400000	0.858400000
0.063400000	0.858800000
0.065000000	0.858800000
0.065000000	0.859000000
0.065200000	0.859000000
0.065200000	0.859200000
0.066600000	0.859200000
0.066600000	0.859400000
0.066800000	0.859400000
0.066800000	0.859600000
0.067200000	0.859600000
0.067200000	0.859800000
0.067800000	0.859800000
0.067800000	0.860200000
0.068600000	0.860200000
0.068600000	0.860600000
0.068800000	0.860600000
0.068800000	0.860800000
0.069000000	0.860800000
0.069000000	0.861000000
0.069400000	0.861000000
0.069400000	0.861200000
0.070000000	0.861200000
0.070000000	0.861600000
0.070800000	0.861600000
0.070800000	0.862200000
0.071000000	0.862200000
0.071000000	0.862400000
0.072000000	0.862400000
0.072000000	0.862600000
0.073800000	0.862600000
0.073800000	0.862800000
0.074000000	0.862800000
0.074000000	0.863000000
0.074800000	0.863000000
0.074800000	0.863200000
0.075600000	0.863200000
0.075600000	0.863600000
0.076600000	0.863600000
0.076600000	0.864000000
0.077200000	0.864000000
0.077200000	0.864200000
0.077800000	0.864200000
0.077800000	0.864600000
0.078000000	0.864600000
0.078000000	0.864800000
0.079600000	0.864800000
0.079600000	0.865000000
0.080000000	0.865000000
0.080000000	0.865200000
0.080800000	0.865200000
0.080800000	0.865400000
0.082200000	0.865400000
0.082200000	0.865600000
0.082600000	0.865600000
0.082600000	0.866200000
0.082800000	0.866200000
0.082800000	0.866400000
0.083600000	0.866400000
0.083600000	0.866800000
0.085000000	0.866800000
0.085000000	0.867000000
0.085200000	0.867000000
0.085200000	0.867400000
0.085400000	0.867400000
0.085400000	0.867600000
0.086200000	0.867600000
0.086200000	0.867800000
0.087800000	0.867800000
0.087800000	0.868200000
0.088000000	0.868200000
0.088000000	0.868600000
0.088200000	0.868600000
0.088200000	0.869000000
0.088800000	0.869000000
0.088800000	0.869200000
0.089000000	0.869200000
0.089000000	0.869600000
0.089200000	0.869600000
0.089200000	0.869800000
0.089600000	0.869800000
0.089600000	0.870000000
0.091800000	0.870000000
0.091800000	0.870400000
0.092000000	0.870400000
0.092000000	0.870600000
0.092200000	0.870600000
0.092200000	0.871000000
0.093000000	0.871000000
0.093000000	0.871200000
0.093800000	0.871200000
0.093800000	0.871400000
0.094400000	0.871400000
0.094400000	0.871600000
0.094600000	0.871600000
0.094600000	0.871800000
0.094800000	0.871800000
0.094800000	0.872000000
0.095000000	0.872000000
0.095000000	0.872200000
0.098000000	0.872200000
0.098000000	0.872400000
0.099000000	0.872400000
0.099000000	0.872600000
0.099200000	0.872600000
0.099200000	0.872800000
0.101200000	0.872800000
0.101200000	0.873000000
0.102400000	0.873000000
0.102400000	0.873400000
0.102800000	0.873400000
0.102800000	0.873600000
0.103600000	0.873600000
0.103600000	0.874200000
0.103800000	0.874200000
0.103800000	0.874400000
0.104000000	0.874400000
0.104000000	0.874600000
0.104600000	0.874600000
0.104600000	0.874800000
0.105600000	0.874800000
0.105600000	0.875000000
0.106800000	0.875000000
0.106800000	0.875200000
0.107200000	0.875200000
0.107200000	0.875400000
0.107400000	0.875400000
0.107400000	0.875600000
0.107800000	0.875600000
0.107800000	0.875800000
0.108200000	0.875800000
0.108200000	0.876000000
0.108800000	0.876000000
0.108800000	0.876200000
0.110200000	0.876200000
0.110200000	0.876400000
0.111000000	0.876400000
0.111000000	0.876600000
0.112000000	0.876600000
0.112000000	0.876800000
0.113800000	0.876800000
0.113800000	0.877000000
0.115600000	0.877000000
0.115600000	0.877200000
0.116000000	0.877200000
0.116000000	0.877400000
0.117200000	0.877400000
0.117200000	0.877600000
0.118000000	0.877600000
0.118000000	0.877800000
0.118200000	0.877800000
0.118200000	0.878000000
0.120800000	0.878000000
0.120800000	0.878200000
0.121200000	0.878200000
0.121200000	0.878400000
0.122000000	0.878400000
0.122000000	0.878600000
0.122800000	0.878600000
0.122800000	0.878800000
0.123800000	0.878800000
0.123800000	0.879000000
0.124200000	0.879000000
0.124200000	0.879200000
0.124400000	0.879200000
0.124400000	0.879600000
0.125400000	0.879600000
0.125400000	0.879800000
0.126000000	0.879800000
0.126000000	0.880000000
0.126400000	0.880000000
0.126400000	0.880200000
0.126800000	0.880200000
0.126800000	0.880400000
0.127200000	0.880400000
0.127200000	0.881000000
0.127600000	0.881000000
0.127600000	0.881200000
0.128200000	0.881200000
0.128200000	0.881400000
0.128400000	0.881400000
0.128400000	0.881600000
0.130600000	0.881600000
0.130600000	0.882000000
0.131800000	0.882000000
0.131800000	0.882400000
0.133000000	0.882400000
0.133000000	0.882600000
0.133800000	0.882600000
0.133800000	0.882800000
0.134800000	0.882800000
0.134800000	0.883000000
0.135400000	0.883000000
0.135400000	0.883200000
0.135600000	0.883200000
0.135600000	0.883400000
0.137400000	0.883400000
0.137400000	0.883600000
0.138000000	0.883600000
0.138000000	0.883800000
0.138400000	0.883800000
0.138400000	0.884000000
0.139200000	0.884000000
0.139200000	0.884200000
0.140800000	0.884200000
0.140800000	0.884400000
0.141400000	0.884400000
0.141400000	0.884600000
0.142200000	0.884600000
0.142200000	0.884800000
0.142800000	0.884800000
0.142800000	0.885000000
0.146800000	0.885000000
0.146800000	0.885400000
0.147200000	0.885400000
0.147200000	0.885600000
0.150200000	0.885600000
0.150200000	0.885800000
0.150400000	0.885800000
0.150400000	0.886000000
0.152200000	0.886000000
0.152200000	0.886200000
0.153200000	0.886200000
0.153200000	0.886600000
0.154000000	0.886600000
0.154000000	0.886800000
0.155200000	0.886800000
0.155200000	0.887000000
0.156000000	0.887000000
0.156000000	0.887200000
0.157800000	0.887200000
0.157800000	0.887400000
0.158200000	0.887400000
0.158200000	0.887600000
0.158600000	0.887600000
0.158600000	0.887800000
0.160200000	0.887800000
0.160200000	0.888200000
0.161200000	0.888200000
0.161200000	0.888400000
0.163400000	0.888400000
0.163400000	0.888600000
0.163600000	0.888600000
0.163600000	0.888800000
0.164000000	0.888800000
0.164000000	0.889000000
0.164800000	0.889000000
0.164800000	0.889200000
0.165800000	0.889200000
0.165800000	0.889600000
0.166000000	0.889600000
0.166000000	0.889800000
0.166400000	0.889800000
0.166400000	0.890000000
0.167400000	0.890000000
0.167400000	0.890400000
0.167800000	0.890400000
0.167800000	0.890600000
0.168400000	0.890600000
0.168400000	0.891000000
0.171000000	0.891000000
0.171000000	0.891400000
0.172000000	0.891400000
0.172000000	0.891800000
0.172200000	0.891800000
0.172200000	0.892000000
0.172400000	0.892000000
0.172400000	0.892600000
0.174000000	0.892600000
0.174000000	0.892800000
0.174600000	0.892800000
0.174600000	0.893000000
0.175000000	0.893000000
0.175000000	0.893200000
0.176800000	0.893200000
0.176800000	0.893600000
0.177200000	0.893600000
0.177200000	0.893800000
0.178400000	0.893800000
0.178400000	0.894000000
0.183600000	0.894000000
0.183600000	0.894200000
0.183800000	0.894200000
0.183800000	0.894400000
0.184000000	0.894400000
0.184000000	0.894600000
0.184400000	0.894600000
0.184400000	0.894800000
0.185600000	0.894800000
0.185600000	0.895000000
0.187000000	0.895000000
0.187000000	0.895200000
0.187600000	0.895200000
0.187600000	0.895400000
0.188000000	0.895400000
0.188000000	0.895800000
0.188800000	0.895800000
0.188800000	0.896000000
0.190400000	0.896000000
0.190400000	0.896200000
0.192000000	0.896200000
0.192000000	0.896400000
0.192600000	0.896400000
0.192600000	0.896600000
0.194400000	0.896600000
0.194400000	0.897000000
0.195000000	0.897000000
0.195000000	0.897200000
0.197600000	0.897200000
0.197600000	0.897400000
0.199800000	0.897400000
0.199800000	0.897600000
0.200000000	0.897600000
0.200000000	0.897800000
0.200400000	0.897800000
0.200400000	0.898000000
0.200800000	0.898000000
0.200800000	0.898200000
0.201800000	0.898200000
0.201800000	0.898400000
0.202000000	0.898400000
0.202000000	0.898600000
0.202800000	0.898600000
0.202800000	0.898800000
0.203800000	0.898800000
0.203800000	0.899200000
0.204800000	0.899200000
0.204800000	0.899400000
0.206800000	0.899400000
0.206800000	0.899600000
0.207000000	0.899600000
0.207000000	0.900000000
0.208200000	0.900000000
0.208200000	0.900200000
0.209400000	0.900200000
0.209400000	0.900400000
0.209600000	0.900400000
0.209600000	0.900600000
0.210600000	0.900600000
0.210600000	0.901000000
0.213200000	0.901000000
0.213200000	0.901400000
0.214200000	0.901400000
0.214200000	0.902000000
0.215400000	0.902000000
0.215400000	0.902200000
0.216400000	0.902200000
0.216400000	0.902400000
0.218000000	0.902400000
0.218000000	0.902600000
0.219200000	0.902600000
0.219200000	0.902800000
0.220000000	0.902800000
0.220000000	0.903000000
0.222000000	0.903000000
0.222000000	0.903200000
0.222200000	0.903200000
0.222200000	0.903400000
0.223400000	0.903400000
0.223400000	0.903800000
0.224200000	0.903800000
0.224200000	0.904000000
0.227200000	0.904000000
0.227200000	0.904400000
0.227400000	0.904400000
0.227400000	0.904600000
0.228800000	0.904600000
0.228800000	0.904800000
0.229200000	0.904800000
0.229200000	0.905000000
0.229600000	0.905000000
0.229600000	0.905200000
0.230000000	0.905200000
0.230000000	0.906200000
0.230400000	0.906200000
0.230400000	0.906400000
0.234200000	0.906400000
0.234200000	0.906600000
0.235800000	0.906600000
0.235800000	0.906800000
0.236400000	0.906800000
0.236400000	0.907000000
0.240400000	0.907000000
0.240400000	0.907200000
0.241600000	0.907200000
0.241600000	0.907400000
0.241800000	0.907400000
0.241800000	0.907600000
0.242000000	0.907600000
0.242000000	0.907800000
0.242400000	0.907800000
0.242400000	0.908000000
0.242800000	0.908000000
0.242800000	0.908200000
0.246600000	0.908200000
0.246600000	0.908400000
0.248400000	0.908400000
0.248400000	0.908600000
0.248600000	0.908600000
0.248600000	0.908800000
0.249000000	0.908800000
0.249000000	0.909000000
0.249800000	0.909000000
0.249800000	0.909200000
0.251400000	0.909200000
0.251400000	0.909400000
0.252200000	0.909400000
0.252200000	0.909600000
0.253800000	0.909600000
0.253800000	0.909800000
0.254000000	0.909800000
0.254000000	0.910000000
0.256200000	0.910000000
0.256200000	0.910400000
0.256400000	0.910400000
0.256400000	0.910800000
0.261200000	0.910800000
0.261200000	0.911000000
0.261800000	0.911000000
0.261800000	0.911200000
0.263000000	0.911200000
0.263000000	0.911400000
0.263800000	0.911400000
0.263800000	0.911600000
0.267200000	0.911600000
0.267200000	0.911800000
0.267400000	0.911800000
0.267400000	0.912000000
0.267800000	0.912000000
0.267800000	0.912200000
0.268400000	0.912200000
0.268400000	0.912400000
0.272200000	0.912400000
0.272200000	0.912600000
0.272600000	0.912600000
0.272600000	0.912800000
0.275800000	0.912800000
0.275800000	0.913000000
0.276400000	0.913000000
0.276400000	0.913200000
0.276800000	0.913200000
0.276800000	0.913400000
0.278000000	0.913400000
0.278000000	0.913600000
0.279000000	0.913600000
0.279000000	0.913800000
0.279400000	0.913800000
0.279400000	0.914000000
0.279800000	0.914000000
0.279800000	0.914200000
0.281800000	0.914200000
0.281800000	0.914400000
0.283200000	0.914400000
0.283200000	0.914600000
0.283400000	0.914600000
0.283400000	0.914800000
0.283600000	0.914800000
0.283600000	0.915000000
0.283800000	0.915000000
0.283800000	0.915600000
0.284600000	0.915600000
0.284600000	0.915800000
0.286200000	0.915800000
0.286200000	0.916000000
0.287000000	0.916000000
0.287000000	0.916200000
0.289000000	0.916200000
0.289000000	0.916600000
0.290200000	0.916600000
0.290200000	0.916800000
0.290400000	0.916800000
0.290400000	0.917000000
0.292600000	0.917000000
0.292600000	0.917200000
0.293800000	0.917200000
0.293800000	0.917600000
0.296600000	0.917600000
0.296600000	0.917800000
0.299400000	0.917800000
0.299400000	0.918200000
0.302800000	0.918200000
0.302800000	0.918600000
0.304600000	0.918600000
0.304600000	0.918800000
0.307000000	0.918800000
0.307000000	0.919000000
0.307600000	0.919000000
0.307600000	0.919200000
0.309200000	0.919200000
0.309200000	0.919600000
0.309600000	0.919600000
0.309600000	0.919800000
0.310000000	0.919800000
0.310000000	0.920200000
0.312400000	0.920200000
0.312400000	0.920400000
0.312600000	0.920400000
0.312600000	0.920600000
0.313600000	0.920600000
0.313600000	0.920800000
0.314400000	0.920800000
0.314400000	0.921000000
0.315000000	0.921000000
0.315000000	0.921200000
0.315200000	0.921200000
0.315200000	0.921400000
0.316600000	0.921400000
0.316600000	0.921600000
0.317400000	0.921600000
0.317400000	0.921800000
0.317600000	0.921800000
0.317600000	0.922200000
0.318200000	0.922200000
0.318200000	0.922400000
0.318400000	0.922400000
0.318400000	0.922600000
0.318800000	0.922600000
0.318800000	0.922800000
0.319600000	0.922800000
0.319600000	0.923000000
0.322000000	0.923000000
0.322000000	0.923600000
0.323000000	0.923600000
0.323000000	0.923800000
0.324600000	0.923800000
0.324600000	0.924400000
0.325200000	0.924400000
0.325200000	0.924600000
0.326000000	0.924600000
0.326000000	0.924800000
0.326200000	0.924800000
0.326200000	0.925000000
0.326400000	0.925000000
0.326400000	0.925200000
0.327400000	0.925200000
0.327400000	0.925400000
0.328600000	0.925400000
0.328600000	0.925600000
0.328800000	0.925600000
0.328800000	0.926000000
0.329800000	0.926000000
0.329800000	0.926200000
0.330800000	0.926200000
0.330800000	0.926400000
0.331000000	0.926400000
0.331000000	0.926600000
0.331800000	0.926600000
0.331800000	0.926800000
0.332200000	0.926800000
0.332200000	0.927000000
0.333000000	0.927000000
0.333000000	0.927200000
0.333600000	0.927200000
0.333600000	0.927400000
0.334200000	0.927400000
0.334200000	0.927800000
0.336800000	0.927800000
0.336800000	0.928000000
0.338400000	0.928000000
0.338400000	0.928400000
0.338600000	0.928400000
0.338600000	0.928600000
0.339600000	0.928600000
0.339600000	0.928800000
0.341400000	0.928800000
0.341400000	0.929000000
0.342200000	0.929000000
0.342200000	0.929200000
0.342600000	0.929200000
0.342600000	0.929400000
0.343000000	0.929400000
0.343000000	0.929800000
0.344400000	0.929800000
0.344400000	0.930000000
0.346200000	0.930000000
0.346200000	0.930200000
0.347000000	0.930200000
0.347000000	0.930400000
0.349800000	0.930400000
0.349800000	0.930600000
0.352800000	0.930600000
0.352800000	0.930800000
0.357600000	0.930800000
0.357600000	0.931200000
0.358600000	0.931200000
0.358600000	0.931400000
0.359000000	0.931400000
0.359000000	0.931600000
0.359400000	0.931600000
0.359400000	0.931800000
0.359800000	0.931800000
0.359800000	0.932000000
0.360400000	0.932000000
0.360400000	0.932200000
0.360600000	0.932200000
0.360600000	0.932400000
0.362400000	0.932400000
0.362400000	0.932600000
0.363000000	0.932600000
0.363000000	0.932800000
0.363800000	0.932800000
0.363800000	0.933000000
0.366200000	0.933000000
0.366200000	0.933200000
0.368000000	0.933200000
0.368000000	0.933400000
0.368600000	0.933400000
0.368600000	0.933600000
0.369800000	0.933600000
0.369800000	0.933800000
0.374000000	0.933800000
0.374000000	0.934000000
0.374600000	0.934000000
0.374600000	0.934200000
0.374800000	0.934200000
0.374800000	0.934600000
0.376200000	0.934600000
0.376200000	0.934800000
0.376400000	0.934800000
0.376400000	0.935000000
0.376600000	0.935000000
0.376600000	0.935200000
0.378600000	0.935200000
0.378600000	0.936000000
0.378800000	0.936000000
0.378800000	0.936200000
0.380200000	0.936200000
0.380200000	0.936600000
0.381200000	0.936600000
0.381200000	0.936800000
0.381400000	0.936800000
0.381400000	0.937000000
0.382200000	0.937000000
0.382200000	0.937400000
0.383000000	0.937400000
0.383000000	0.937600000
0.385600000	0.937600000
0.385600000	0.937800000
0.388000000	0.937800000
0.388000000	0.938000000
0.389800000	0.938000000
0.389800000	0.938200000
0.393800000	0.938200000
0.393800000	0.938400000
0.394600000	0.938400000
0.394600000	0.938600000
0.394800000	0.938600000
0.394800000	0.938800000
0.395600000	0.938800000
0.395600000	0.939000000
0.397600000	0.939000000
0.397600000	0.939200000
0.398000000	0.939200000
0.398000000	0.939400000
0.400800000	0.939400000
0.400800000	0.939600000
0.403600000	0.939600000
0.403600000	0.939800000
0.404200000	0.939800000
0.404200000	0.940000000
0.407200000	0.940000000
0.407200000	0.940400000
0.408600000	0.940400000
0.408600000	0.940600000
0.409600000	0.940600000
0.409600000	0.940800000
0.410000000	0.940800000
0.410000000	0.941000000
0.410200000	0.941000000
0.410200000	0.941200000
0.410400000	0.941200000
0.410400000	0.941400000
0.410800000	0.941400000
0.410800000	0.941600000
0.411000000	0.941600000
0.411000000	0.941800000
0.411400000	0.941800000
0.411400000	0.942000000
0.416000000	0.942000000
0.416000000	0.942200000
0.416600000	0.942200000
0.416600000	0.942600000
0.421400000	0.942600000
0.421400000	0.942800000
0.421600000	0.942800000
0.421600000	0.943200000
0.422200000	0.943200000
0.422200000	0.943400000
0.424400000	0.943400000
0.424400000	0.943600000
0.426200000	0.943600000
0.426200000	0.943800000
0.428000000	0.943800000
0.428000000	0.944000000
0.428600000	0.944000000
0.428600000	0.944200000
0.429800000	0.944200000
0.429800000	0.944400000
0.431800000	0.944400000
0.431800000	0.944600000
0.434400000	0.944600000
0.434400000	0.944800000
0.436400000	0.944800000
0.436400000	0.945000000
0.437000000	0.945000000
0.437000000	0.945200000
0.437800000	0.945200000
0.437800000	0.945400000
0.440800000	0.945400000
0.440800000	0.945800000
0.441000000	0.945800000
0.441000000	0.946000000
0.441400000	0.946000000
0.441400000	0.946200000
0.443000000	0.946200000
0.443000000	0.946600000
0.443800000	0.946600000
0.443800000	0.946800000
0.444600000	0.946800000
0.444600000	0.947000000
0.446600000	0.947000000
0.446600000	0.947200000
0.450200000	0.947200000
0.450200000	0.947400000
0.451200000	0.947400000
0.451200000	0.947600000
0.455800000	0.947600000
0.455800000	0.948200000
0.457200000	0.948200000
0.457200000	0.948400000
0.463400000	0.948400000
0.463400000	0.948600000
0.464200000	0.948600000
0.464200000	0.948800000
0.466000000	0.948800000
0.466000000	0.949000000
0.467200000	0.949000000
0.467200000	0.949200000
0.472200000	0.949200000
0.472200000	0.949400000
0.472800000	0.949400000
0.472800000	0.949600000
0.473200000	0.949600000
0.473200000	0.949800000
0.473600000	0.949800000
0.473600000	0.950000000
0.474400000	0.950000000
0.474400000	0.950200000
0.476000000	0.950200000
0.476000000	0.950400000
0.476800000	0.950400000
0.476800000	0.950600000
0.477800000	0.950600000
0.477800000	0.950800000
0.478000000	0.950800000
0.478000000	0.951200000
0.479000000	0.951200000
0.479000000	0.951400000
0.479400000	0.951400000
0.479400000	0.951600000
0.480200000	0.951600000
0.480200000	0.951800000
0.485600000	0.951800000
0.485600000	0.952000000
0.486800000	0.952000000
0.486800000	0.952200000
0.489400000	0.952200000
0.489400000	0.952400000
0.491200000	0.952400000
0.491200000	0.952600000
0.492800000	0.952600000
0.492800000	0.952800000
0.496400000	0.952800000
0.496400000	0.953200000
0.497200000	0.953200000
0.497200000	0.953400000
0.498000000	0.953400000
0.498000000	0.953600000
0.498800000	0.953600000
0.498800000	0.954000000
0.503400000	0.954000000
0.503400000	0.954600000
0.505400000	0.954600000
0.505400000	0.955000000
0.507600000	0.955000000
0.507600000	0.955200000
0.510200000	0.955200000
0.510200000	0.955400000
0.510600000	0.955400000
0.510600000	0.955600000
0.512000000	0.955600000
0.512000000	0.955800000
0.512600000	0.955800000
0.512600000	0.956000000
0.513400000	0.956000000
0.513400000	0.956200000
0.515000000	0.956200000
0.515000000	0.956600000
0.519400000	0.956600000
0.519400000	0.956800000
0.519600000	0.956800000
0.519600000	0.957000000
0.519800000	0.957000000
0.519800000	0.957200000
0.524800000	0.957200000
0.524800000	0.957400000
0.526800000	0.957400000
0.526800000	0.957800000
0.527200000	0.957800000
0.527200000	0.958000000
0.529000000	0.958000000
0.529000000	0.958200000
0.529200000	0.958200000
0.529200000	0.958600000
0.529600000	0.958600000
0.529600000	0.958800000
0.532200000	0.958800000
0.532200000	0.959000000
0.533400000	0.959000000
0.533400000	0.959200000
0.535600000	0.959200000
0.535600000	0.959400000
0.536800000	0.959400000
0.536800000	0.959600000
0.537400000	0.959600000
0.537400000	0.959800000
0.540000000	0.959800000
0.540000000	0.960200000
0.540400000	0.960200000
0.540400000	0.960400000
0.540600000	0.960400000
0.540600000	0.960600000
0.544800000	0.960600000
0.544800000	0.960800000
0.545200000	0.960800000
0.545200000	0.961000000
0.545800000	0.961000000
0.545800000	0.961200000
0.546000000	0.961200000
0.546000000	0.961400000
0.548000000	0.961400000
0.548000000	0.961600000
0.550000000	0.961600000
0.550000000	0.961800000
0.550200000	0.961800000
0.550200000	0.962000000
0.553400000	0.962000000
0.553400000	0.962400000
0.554000000	0.962400000
0.554000000	0.962600000
0.554400000	0.962600000
0.554400000	0.962800000
0.554800000	0.962800000
0.554800000	0.963000000
0.556000000	0.963000000
0.556000000	0.963200000
0.559200000	0.963200000
0.559200000	0.963400000
0.562200000	0.963400000
0.562200000	0.963600000
0.564200000	0.963600000
0.564200000	0.963800000
0.566400000	0.963800000
0.566400000	0.964000000
0.567000000	0.964000000
0.567000000	0.964200000
0.569200000	0.964200000
0.569200000	0.964400000
0.570400000	0.964400000
0.570400000	0.964600000
0.570800000	0.964600000
0.570800000	0.964800000
0.571000000	0.964800000
0.571000000	0.965000000
0.572200000	0.965000000
0.572200000	0.965200000
0.572800000	0.965200000
0.572800000	0.965600000
0.575600000	0.965600000
0.575600000	0.965800000
0.576400000	0.965800000
0.576400000	0.966000000
0.577000000	0.966000000
0.577000000	0.966400000
0.579200000	0.966400000
0.579200000	0.966600000
0.580200000	0.966600000
0.580200000	0.966800000
0.581400000	0.966800000
0.581400000	0.967000000
0.581800000	0.967000000
0.581800000	0.967200000
0.582000000	0.967200000
0.582000000	0.967400000
0.583600000	0.967400000
0.583600000	0.967600000
0.584200000	0.967600000
0.584200000	0.967800000
0.585000000	0.967800000
0.585000000	0.968000000
0.590600000	0.968000000
0.590600000	0.968200000
0.591200000	0.968200000
0.591200000	0.968400000
0.592000000	0.968400000
0.592000000	0.968600000
0.592200000	0.968600000
0.592200000	0.968800000
0.593000000	0.968800000
0.593000000	0.969000000
0.595200000	0.969000000
0.595200000	0.969600000
0.595800000	0.969600000
0.595800000	0.969800000
0.599000000	0.969800000
0.599000000	0.970000000
0.604200000	0.970000000
0.604200000	0.970200000
0.613800000	0.970200000
0.613800000	0.970400000
0.617000000	0.970400000
0.617000000	0.970600000
0.619600000	0.970600000
0.619600000	0.970800000
0.620600000	0.970800000
0.620600000	0.971000000
0.621800000	0.971000000
0.621800000	0.971200000
0.624000000	0.971200000
0.624000000	0.971400000
0.627000000	0.971400000
0.627000000	0.971600000
0.630600000	0.971600000
0.630600000	0.971800000
0.632000000	0.971800000
0.632000000	0.972000000
0.633000000	0.972000000
0.633000000	0.972200000
0.633600000	0.972200000
0.633600000	0.972600000
0.634200000	0.972600000
0.634200000	0.972800000
0.634400000	0.972800000
0.634400000	0.973200000
0.636000000	0.973200000
0.636000000	0.973600000
0.636400000	0.973600000
0.636400000	0.973800000
0.639400000	0.973800000
0.639400000	0.974000000
0.640200000	0.974000000
0.640200000	0.974200000
0.644000000	0.974200000
0.644000000	0.974400000
0.644200000	0.974400000
0.644200000	0.974600000
0.647400000	0.974600000
0.647400000	0.974800000
0.651400000	0.974800000
0.651400000	0.975000000
0.653000000	0.975000000
0.653000000	0.975200000
0.655200000	0.975200000
0.655200000	0.975400000
0.656000000	0.975400000
0.656000000	0.975600000
0.661200000	0.975600000
0.661200000	0.975800000
0.663000000	0.975800000
0.663000000	0.976000000
0.663400000	0.976000000
0.663400000	0.976200000
0.663800000	0.976200000
0.663800000	0.976400000
0.664200000	0.976400000
0.664200000	0.976600000
0.666400000	0.976600000
0.666400000	0.976800000
0.668600000	0.976800000
0.668600000	0.977000000
0.668800000	0.977000000
0.668800000	0.977400000
0.672400000	0.977400000
0.672400000	0.977600000
0.674800000	0.977600000
0.674800000	0.977800000
0.675600000	0.977800000
0.675600000	0.978000000
0.677000000	0.978000000
0.677000000	0.978200000
0.683600000	0.978200000
0.683600000	0.978400000
0.684800000	0.978400000
0.684800000	0.978600000
0.685800000	0.978600000
0.685800000	0.978800000
0.686000000	0.978800000
0.686000000	0.979000000
0.687800000	0.979000000
0.687800000	0.979200000
0.690000000	0.979200000
0.690000000	0.979400000
0.692400000	0.979400000
0.692400000	0.979600000
0.696400000	0.979600000
0.696400000	0.979800000
0.701800000	0.979800000
0.702200000	0.979800000
0.702400000	0.979800000
0.702400000	0.980000000
0.704400000	0.980000000
0.704400000	0.980200000
0.708400000	0.980200000
0.708400000	0.980400000
0.708600000	0.980400000
0.708600000	0.980600000
0.712000000	0.980600000
0.712000000	0.980800000
0.717000000	0.980800000
0.717000000	0.981000000
0.717200000	0.981000000
0.717200000	0.981200000
0.719600000	0.981200000
0.719600000	0.981400000
0.719800000	0.981400000
0.719800000	0.981600000
0.721000000	0.981600000
0.721000000	0.981800000
0.725600000	0.981800000
0.725600000	0.982000000
0.725800000	0.982000000
0.725800000	0.982200000
0.727200000	0.982200000
0.727200000	0.982400000
0.728400000	0.982400000
0.728400000	0.982600000
0.729400000	0.982600000
0.729400000	0.982800000
0.731200000	0.982800000
0.731200000	0.983000000
0.734200000	0.983000000
0.734200000	0.983200000
0.736800000	0.983200000
0.737200000	0.983200000
0.737600000	0.983200000
0.737600000	0.983400000
0.738200000	0.983400000
0.738200000	0.983600000
0.740200000	0.983600000
0.740200000	0.983800000
0.741000000	0.983800000
0.741000000	0.984000000
0.744200000	0.984000000
0.744200000	0.984200000
0.749000000	0.984200000
0.749000000	0.984400000
0.749200000	0.984400000
0.749200000	0.984600000
0.749400000	0.984600000
0.749400000	0.984800000
0.752800000	0.984800000
0.752800000	0.985000000
0.757000000	0.985000000
0.757000000	0.985400000
0.759200000	0.985400000
0.759200000	0.985600000
0.760400000	0.985600000
0.760400000	0.985800000
0.762200000	0.985800000
0.762200000	0.986000000
0.766600000	0.986000000
0.766600000	0.986200000
0.767400000	0.986200000
0.767400000	0.986400000
0.770600000	0.986400000
0.770600000	0.986600000
0.771200000	0.986600000
0.771200000	0.986800000
0.771600000	0.986800000
0.771600000	0.987000000
0.772200000	0.987000000
0.772200000	0.987200000
0.774000000	0.987200000
0.774000000	0.987400000
0.778400000	0.987400000
0.778400000	0.987600000
0.782000000	0.987600000
0.782000000	0.987800000
0.788200000	0.987800000
0.788200000	0.988000000
0.789400000	0.988000000
0.789400000	0.988200000
0.790200000	0.988200000
0.790200000	0.988400000
0.793800000	0.988400000
0.793800000	0.988600000
0.808400000	0.988600000
0.808400000	0.988800000
0.809000000	0.988800000
0.809000000	0.989000000
0.809200000	0.989000000
0.809200000	0.989200000
0.811200000	0.989200000
0.811200000	0.989400000
0.820600000	0.989400000
0.820600000	0.989600000
0.822200000	0.989600000
0.822200000	0.989800000
0.825600000	0.989800000
0.825600000	0.990000000
0.836000000	0.990000000
0.836000000	0.990200000
0.839000000	0.990200000
0.839000000	0.990400000
0.842200000	0.990400000
0.842200000	0.990600000
0.844200000	0.990600000
0.844200000	0.990800000
0.846400000	0.990800000
0.846400000	0.991000000
0.846600000	0.991000000
0.846600000	0.991200000
0.852400000	0.991200000
0.852400000	0.991400000
0.855600000	0.991400000
0.855600000	0.991600000
0.856200000	0.991600000
0.856200000	0.991800000
0.861000000	0.991800000
0.861000000	0.992000000
0.869600000	0.992000000
0.869600000	0.992200000
0.875400000	0.992200000
0.875400000	0.992400000
0.877000000	0.992400000
0.877000000	0.992600000
0.877600000	0.992600000
0.877600000	0.992800000
0.878200000	0.992800000
0.878200000	0.993000000
0.880600000	0.993000000
0.880600000	0.993200000
0.889200000	0.993200000
0.889200000	0.993400000
0.892000000	0.993400000
0.892000000	0.993600000
0.895400000	0.993600000
0.895400000	0.993800000
0.895800000	0.993800000
0.895800000	0.994000000
0.898200000	0.994000000
0.898200000	0.994200000
0.898800000	0.994200000
0.898800000	0.994400000
0.903400000	0.994400000
0.903400000	0.994800000
0.904400000	0.994800000
0.904400000	0.995000000
0.909800000	0.995000000
0.909800000	0.995200000
0.912600000	0.995200000
0.912600000	0.995400000
0.917400000	0.995400000
0.917400000	0.995600000
0.918400000	0.995600000
0.918400000	0.995800000
0.920200000	0.995800000
0.920200000	0.996000000
0.923400000	0.996000000
0.923400000	0.996200000
0.927800000	0.996200000
0.927800000	0.996400000
0.928400000	0.996400000
0.928400000	0.996600000
0.928800000	0.996600000
0.928800000	0.996800000
0.930400000	0.996800000
0.930400000	0.997000000
0.939000000	0.997000000
0.939000000	0.997200000
0.939200000	0.997200000
0.939200000	0.997400000
0.946800000	0.997400000
0.946800000	0.997600000
0.947800000	0.997600000
0.947800000	0.997800000
0.954600000	0.997800000
0.954600000	0.998000000
0.955600000	0.998000000
0.955600000	0.998200000
0.956200000	0.998200000
0.956200000	0.998400000
0.958800000	0.998400000
0.958800000	0.998600000
0.959200000	0.998600000
0.959200000	0.998800000
0.962200000	0.998800000
0.962200000	0.999000000
0.971400000	0.999000000
0.971400000	0.999200000
0.978600000	0.999200000
0.978600000	0.999400000
0.980600000	0.999400000
0.980600000	0.999600000
0.989400000	0.999600000
0.989400000	0.999800000
0.990400000	0.999800000
0.990400000	1.000000000
1.000000000	1.000000000
