0.000000000	0.000000000
0.000028677	0.001719536
0.000059738	0.003017301
0.000104056	0.004593436
0.000154937	0.006191886
0.000213466	0.007859824
0.000273857	0.009449800
0.000338832	0.011051416
0.000405153	0.012595941
0.000469016	0.014013721
0.000549534	0.015721331
0.000633159	0.017416070
0.000707968	0.018874556
0.000790512	0.020429372
0.000881462	0.022084684
0.000968476	0.023618422
0.001048978	0.024998593
0.001150318	0.026688521
0.001243904	0.028206672
0.001344103	0.029791274
0.001451301	0.031444066
0.001546245	0.032874372
0.001667330	0.034656633
0.001774439	0.036197182
0.001887488	0.037789388
0.001982360	0.039100660
0.002106781	0.040788226
0.002237914	0.042530078
0.002347823	0.043962903
0.002462368	0.045431495
0.002581705	0.046936301
0.002721906	0.048673263
0.002851968	0.050256488
0.002987338	0.051877279
0.003110262	0.053326434
0.003256054	0.055018765
0.003388370	0.056531122
0.003525260	0.058073380
0.003666849	0.059645790
0.003792032	0.061017584
0.003964640	0.062882092
0.004098413	0.064306563
0.004236007	0.065753845
0.004401496	0.067471563
0.004547661	0.068968733
0.004697922	0.070489132
0.004852365	0.072032882
0.005011082	0.073600102
0.005174164	0.075190908
0.005341702	0.076805408
0.005513792	0.078443708
0.005660726	0.079827042
0.005841404	0.081509230
0.005995629	0.082929264
0.006185221	0.084655649
0.006347011	0.086112627
0.006512332	0.087586471
0.006715484	0.089377627
0.006888777	0.090888724
0.007065789	0.092416815
0.007246579	0.093961934
0.007431208	0.095524112
0.007619736	0.097103380
0.007812225	0.098699765
0.008008736	0.100313289
0.008168863	0.101616305
0.008372772	0.103260733
0.008580879	0.104922356
0.008750408	0.106263878
0.008966231	0.107956482
0.009164200	0.109494460
0.009365762	0.111046395
0.009570962	0.112612289
0.009756446	0.114015829
0.009992477	0.115785981
0.010184639	0.117214337
0.010404450	0.118834513
0.010603078	0.120286290
0.010830250	0.121932805
0.011035499	0.123407979
0.011243917	0.124894152
0.011482234	0.126579336
0.011697504	0.128088851
0.011916054	0.129609332
0.012137918	0.131140767
0.012363132	0.132683142
0.012591731	0.134236441
0.012823752	0.135800650
0.013059229	0.137375750
0.013298199	0.138961723
0.013540699	0.140558549
0.013786763	0.142166208
0.014036429	0.143784677
0.014257856	0.145209599
0.014514372	0.146848273
0.014741848	0.148290836
0.015005343	0.149949626
0.015238981	0.151409748
0.015475534	0.152878033
0.015749497	0.154566149
0.015992379	0.156051861
0.016238252	0.157545673
0.016487142	0.159047562
0.016775332	0.160773974
0.016994076	0.162075507
0.017289308	0.163820245
0.017513377	0.165135480
0.017815764	0.166898431
0.018045242	0.168227280
0.018354901	0.170008325
0.018589873	0.171350696
0.018906916	0.173149710
0.019147470	0.174505507
0.019431191	0.176094600
0.019718228	0.177691453
0.019966904	0.179066254
0.020260167	0.180677437
0.020556818	0.182296291
0.020813791	0.183689877
0.021116801	0.185322890
0.021379261	0.186728562
0.021688717	0.188375619
0.021956738	0.189793276
0.022272726	0.191454257
0.022546383	0.192883794
0.022868989	0.194558573
0.023148356	0.195999883
0.023477667	0.197688332
0.023762817	0.199141302
0.024050661	0.200599616
0.024389927	0.202307806
0.024683662	0.203777611
0.024980142	0.205252680
0.025279381	0.206732986
0.025632023	0.208466701
0.025937294	0.209958266
0.026245374	0.211454984
0.026556279	0.212956829
0.026870024	0.214463774
0.027186624	0.215975790
0.027506095	0.217492849
0.027828452	0.219014924
0.028153711	0.220541985
0.028481888	0.222074003
0.028812996	0.223610950
0.029147053	0.225152796
0.029484072	0.226699510
0.029824070	0.228251064
0.030167062	0.229807426
0.030513062	0.231368566
0.030862086	0.232934452
0.031214148	0.234505055
0.031569265	0.236080341
0.031867521	0.237396555
0.032228275	0.238980346
0.032592125	0.240568730
0.032959086	0.242161676
0.033329173	0.243759150
0.033639959	0.245093731
0.034015815	0.246699420
0.034394838	0.248309543
0.034713102	0.249654592
0.035097970	0.251272756
0.035486047	0.252895257
0.035811886	0.254250547
0.036205883	0.255880910
0.036536675	0.257242702
0.036936640	0.258880811
0.037339881	0.260523093
0.037678406	0.261894742
0.038087688	0.263544586
0.038431267	0.264922485
0.038846638	0.266579768
0.039195310	0.267963816
0.039616816	0.269628417
0.039970620	0.271018511
0.040398308	0.272690307
0.040757282	0.274086344
0.041118619	0.275485048
0.041555379	0.277167085
0.041921941	0.278571579
0.042364994	0.280260502
0.042736819	0.281670680
0.043111047	0.283083408
0.043563334	0.284782117
0.043942878	0.286200373
0.044324851	0.287621106
0.044786463	0.289329328
0.045173805	0.290755432
0.045563598	0.292183940
0.046034627	0.293901398
0.046429841	0.295335117
0.046827530	0.296771168
0.047227702	0.298209528
0.047711225	0.299938681
0.048116884	0.301382039
0.048525048	0.302827632
0.048935724	0.304275436
0.049431891	0.306015794
0.049848119	0.307468382
0.050266880	0.308923105
0.050688183	0.310379942
0.051112033	0.311838867
0.051624057	0.313592409
0.052053535	0.315055847
0.052485583	0.316521299
0.052920206	0.317988739
0.053357410	0.319458144
0.053797204	0.320929490
0.054239591	0.322402753
0.054684580	0.323877909
0.055132176	0.325354934
0.055672774	0.327129904
0.056126128	0.328610954
0.056582108	0.330093795
0.057040722	0.331578403
0.057501974	0.333064752
0.057965870	0.334552819
0.058432418	0.336042579
0.058901622	0.337534007
0.059373487	0.339027079
0.059848021	0.340521770
0.060325228	0.342018055
0.060805114	0.343515910
0.061287684	0.345015310
0.061772945	0.346516229
0.062260900	0.348018645
0.062751556	0.349522530
0.063244918	0.351027861
0.063740991	0.352534613
0.064239780	0.354042760
0.064741290	0.355552278
0.065245526	0.357063141
0.065752493	0.358575325
0.066262197	0.360088805
0.066723259	0.361451982
0.067238174	0.362967855
0.067755838	0.364484950
0.068276257	0.366003243
0.068799435	0.367522708
0.069325376	0.369043321
0.069748096	0.370260546
0.070279023	0.371783161
0.070812725	0.373306854
0.071349206	0.374831597
0.071888472	0.376357368
0.072430526	0.377884140
0.072975372	0.379411889
0.073523014	0.380940588
0.073963117	0.382164141
0.074515802	0.383694489
0.075071293	0.385225717
0.075629595	0.386757801
0.076190711	0.388290714
0.076754645	0.389824433
0.077207795	0.391051896
0.077776809	0.392587000
0.078348650	0.394122839
0.078923321	0.395659386
0.079500827	0.397196618
0.079964845	0.398426805
0.080547458	0.399965204
0.081132914	0.401504218
0.081721215	0.403043820
0.082312363	0.404583986
0.082787306	0.405816433
0.083383588	0.407357550
0.083982725	0.408899160
0.084584721	0.410441239
0.085068348	0.411675147
0.085675494	0.413218006
0.086285505	0.414761264
0.086898384	0.416304895
0.087452411	0.417694419
0.088070743	0.419238691
0.088629681	0.420628752
0.089253474	0.422173575
0.089754549	0.423409543
0.090383521	0.424954807
0.091015374	0.426500280
0.091650109	0.428045938
0.092159942	0.429282506
0.092799868	0.430828435
0.093442681	0.432374481
0.094088381	0.433920618
0.094606989	0.435157501
0.095257890	0.436703741
0.095911682	0.438250004
0.096436766	0.439486940
0.097095764	0.441033183
0.097757656	0.442579381
0.098355816	0.443970858
0.099023209	0.445516903
0.099559176	0.446753582
0.100231783	0.448299403
0.100907287	0.449845064
0.101517699	0.451235962
0.102198709	0.452781255
0.102745570	0.454017252
0.103431797	0.455562117
0.104120923	0.457106711
0.104674277	0.458342100
0.105368621	0.459886146
0.106065863	0.461429854
0.106625711	0.462664486
0.107328171	0.464207527
0.108033529	0.465750164
0.108599868	0.466983892
0.109310443	0.468525743
0.110023914	0.470067125
0.110596742	0.471299802
0.111315427	0.472840281
0.112037007	0.474380225
0.112616320	0.475611706
0.113343109	0.477150630
0.114072791	0.478688956
0.114658583	0.479919095
0.115393469	0.481456286
0.116131245	0.482992813
0.116723509	0.484221468
0.117466483	0.485756746
0.118212342	0.487291298
0.118811070	0.488518326
0.119562120	0.490051514
0.120316051	0.491583913
0.120921232	0.492809175
0.121680345	0.494340098
0.122365985	0.495717160
0.123130561	0.497246447
0.123744253	0.498469160
0.124513997	0.499996824
0.125286610	0.501523556
0.125906727	0.502744180
0.126684497	0.504269179
0.127386916	0.505640788
0.128170121	0.507163881
0.128798705	0.508381538
0.129587051	0.509902755
0.130298979	0.511270892
0.131092741	0.512790053
0.131729762	0.514004508
0.132528646	0.515521652
0.133330372	0.517037645
0.133973756	0.518249523
0.134780587	0.519763392
0.135428052	0.520973545
0.136239979	0.522485224
0.137054731	0.523995657
0.137708526	0.525203020
0.138528356	0.526711159
0.139351003	0.528217995
0.140011104	0.529422439
0.140838810	0.530926880
0.141586121	0.532279673
0.142419153	0.533781514
0.143087552	0.534981908
0.143925617	0.536481220
0.144682237	0.537829335
0.145525599	0.539325908
0.146202251	0.540522037
0.147050617	0.542015950
0.147816495	0.543359146
0.148670127	0.544850184
0.149354982	0.546041834
0.150213588	0.547530085
0.151074951	0.549016761
0.151765980	0.550204882
0.152632291	0.551688675
0.153327273	0.552874466
0.154198517	0.554355316
0.155072495	0.555834505
0.155773599	0.557016576
0.156652483	0.558492728
0.157534086	0.559967169
0.158241278	0.561145404
0.159127760	0.562616717
0.159927881	0.563939352
0.160819493	0.565407301
0.161534678	0.566580296
0.162431131	0.568044999
0.163330266	0.569507874
0.164051457	0.570676775
0.164955403	0.572136316
0.165771208	0.573448260
0.166680211	0.574904221
0.167409280	0.576067546
0.168323053	0.577520060
0.169239467	0.578970636
0.169974451	0.580129618
0.170895603	0.581576661
0.171726857	0.582877263
0.172652986	0.584320520
0.173395723	0.585473604
0.174326545	0.586913220
0.175259965	0.588350791
0.176008520	0.589499294
0.176946598	0.590933143
0.177887253	0.592364902
0.178641582	0.593508724
0.179586859	0.594936682
0.180439770	0.596219982
0.181389900	0.597643874
0.182151789	0.598781362
0.183106491	0.600201352
0.184063724	0.601619151
0.184831279	0.602751736
0.185793046	0.604165557
0.186757320	0.605577148
0.187530493	0.606704736
0.188499263	0.608112274
0.189470518	0.609517542
0.190249259	0.610640042
0.191224969	0.612041185
0.192203142	0.613440017
0.192987401	0.614557342
0.193969986	0.615951979
0.194955012	0.617344267
0.195744736	0.618456328
0.196734132	0.619844353
0.197725944	0.621229989
0.198620607	0.622474972
0.199616986	0.623856036
0.200415762	0.624959074
0.201416438	0.626335763
0.202419489	0.627710002
0.203223585	0.628807555
0.204230889	0.630177355
0.205240542	0.631544670
0.206151203	0.632773082
0.207165296	0.634135643
0.207978193	0.635223811
0.208996460	0.636581828
0.210017034	0.637937302
0.211039904	0.639290224
0.211859797	0.640370649
0.212886778	0.641718944
0.213916029	0.643064654
0.214741007	0.644139286
0.215774319	0.645480312
0.216809874	0.646818720
0.217847663	0.648154500
0.218679444	0.649221158
0.219721227	0.650552178
0.220765215	0.651880539
0.221706652	0.653073744
0.222754802	0.654397023
0.223594838	0.655453645
0.224646898	0.656772075
0.225701114	0.658087796
0.226757478	0.659400799
0.227604057	0.660449174
0.228664259	0.661757258
0.229726579	0.663062597
0.230791007	0.664365180
0.231644007	0.665405192
0.232712201	0.666702790
0.233782473	0.667997606
0.234854812	0.669289631
0.235714111	0.670321172
0.236790143	0.671608149
0.237868211	0.672892310
0.238948304	0.674173644
0.240030412	0.675452145
0.240897489	0.676472837
0.241983195	0.677746215
0.243070885	0.679016735
0.244160547	0.680284389
0.245033636	0.681296381
0.246126820	0.682558855
0.247221945	0.683818441
0.248318999	0.685075130
0.249417971	0.686328915
0.250298468	0.687329786
0.251400864	0.688578325
0.252505145	0.689823939
0.253611301	0.691066620
0.254719319	0.692306361
0.255607012	0.693295973
0.256718354	0.694530405
0.257831525	0.695761879
0.258946514	0.696990386
0.260063309	0.698215922
0.261181898	0.699438478
0.262077999	0.700414314
0.263199788	0.701631492
0.264323338	0.702845673
0.265448636	0.704056851
0.266575672	0.705265021
0.267704432	0.706470175
0.268608618	0.707432066
0.269740451	0.708631780
0.270873975	0.709828463
0.272009177	0.711022110
0.273146045	0.712212715
0.274284567	0.713400273
0.275424730	0.714584779
0.276337978	0.715530126
0.277481063	0.716709126
0.278625756	0.717885060
0.279772042	0.719057923
0.280919909	0.720227711
0.282069346	0.721394419
0.283220338	0.722558042
0.284372875	0.723718577
0.285526942	0.724876019
0.286451233	0.725799686
0.287608024	0.726951549
0.288766310	0.728100309
0.289926079	0.729245959
0.291087318	0.730388498
0.292250014	0.731527921
0.293414154	0.732664225
0.294579726	0.733797406
0.295746715	0.734927460
0.296915110	0.736054385
0.298084898	0.737178178
0.299256065	0.738298835
0.300193926	0.739193046
0.301367543	0.740308051
0.302542504	0.741419913
0.303718794	0.742528627
0.304896401	0.743634193
0.306075312	0.744736607
0.307255514	0.745835867
0.308436993	0.746931971
0.309619736	0.748024916
0.310803730	0.749114700
0.311988962	0.750201322
0.313175419	0.751284779
0.314363087	0.752365069
0.315551953	0.753442191
0.316742004	0.754516142
0.317933226	0.755586923
0.319125606	0.756654530
0.320319132	0.757718962
0.321513788	0.758780219
0.322709563	0.759838299
0.323906442	0.760893200
0.325104413	0.761944923
0.326303461	0.762993465
0.327503574	0.764038826
0.328704738	0.765081005
0.329906939	0.766120002
0.331110165	0.767155816
0.332314401	0.768188446
0.333519634	0.769217892
0.334725850	0.770244154
0.335933037	0.771267231
0.337383011	0.772490794
0.338592285	0.773506864
0.339802485	0.774519749
0.341013599	0.775529449
0.342225612	0.776535965
0.343438512	0.777539296
0.344652284	0.778539443
0.345866915	0.779536406
0.347082392	0.780530186
0.348298700	0.781520784
0.349515827	0.782508199
0.350733759	0.783492433
0.352196410	0.784669388
0.353416064	0.785646626
0.354636480	0.786620686
0.355857644	0.787591568
0.357079541	0.788559274
0.358302159	0.789523805
0.359525484	0.790485163
0.360994478	0.791634674
0.362219310	0.792589054
0.363444806	0.793540265
0.364670952	0.794488308
0.365897734	0.795433185
0.367125139	0.796374898
0.368598918	0.797500848
0.369827644	0.798435606
0.371056951	0.799367206
0.372286823	0.800295650
0.373517247	0.801220940
0.374748209	0.802143078
0.376226147	0.803245554
0.377458247	0.804160766
0.378690842	0.805072833
0.379923919	0.805981758
0.381404318	0.807068391
0.382638408	0.807970413
0.383872935	0.808869301
0.385107888	0.809765058
0.386343253	0.810657687
0.387826305	0.811724782
0.389062528	0.812610539
0.390299119	0.813493178
0.391783586	0.814548295
0.393020941	0.815424083
0.394258621	0.816296761
0.395496614	0.817166335
0.396982689	0.818205791
0.398221321	0.819068544
0.399460223	0.819928202
0.400947333	0.820955774
0.402186781	0.821808635
0.403426456	0.822658413
0.404914437	0.823674145
0.406154565	0.824517152
0.407394876	0.825357089
0.408883566	0.826361025
0.410124237	0.827194218
0.411365050	0.828024353
0.412854287	0.829016542
0.414095366	0.829839961
0.415336547	0.830660335
0.416826167	0.831640828
0.418067522	0.832454516
0.419308935	0.833265171
0.420798780	0.834234021
0.422040275	0.835038021
0.423530181	0.835998897
0.424771696	0.836796264
0.426261589	0.837749192
0.427503061	0.838539948
0.428744493	0.839327705
0.430234231	0.840269122
0.431475530	0.841050302
0.432965070	0.841983838
0.434206174	0.842758463
0.435695443	0.843684148
0.436936289	0.844452242
0.438425213	0.845370103
0.439665740	0.846131691
0.441154245	0.847041759
0.442394393	0.847796865
0.443882405	0.848699170
0.445122113	0.849447819
0.446609561	0.850342391
0.447848767	0.851084610
0.449335578	0.851971480
0.450574223	0.852707295
0.452060324	0.853586495
0.453298348	0.854315931
0.454783668	0.855187494
0.456021012	0.855910579
0.457505479	0.856774536
0.458989452	0.857634358
0.460225628	0.858347682
0.461708639	0.859199951
0.462943984	0.859906994
0.464425963	0.860751742
0.465907350	0.861592402
0.467141297	0.862289795
0.468621544	0.863122987
0.470101141	0.863952122
0.471333552	0.864639932
0.472811902	0.865461653
0.474043246	0.866143301
0.475520282	0.866957644
0.476996573	0.867767977
0.478472097	0.868574312
0.479701027	0.869243170
0.481175095	0.870042203
0.482648341	0.870837267
0.483875329	0.871496757
0.485347016	0.872284575
0.486817824	0.873068457
0.488287734	0.873848413
0.489511885	0.874495346
0.490980098	0.875268133
0.492447358	0.876037027
0.493913645	0.876802038
0.495134720	0.877436551
0.496599174	0.878194474
0.498062601	0.878948546
0.499524983	0.879698779
0.500986300	0.880445185
0.502446534	0.881187774
0.503662480	0.881803655
0.505120678	0.882539280
0.506577740	0.883271121
0.508033648	0.883999191
0.509488382	0.884723502
0.510941925	0.885444066
0.512394257	0.886160893
0.513845362	0.886873997
0.515053592	0.887465378
0.516502399	0.888171686
0.517949927	0.888874304
0.519396159	0.889573244
0.520841077	0.890268518
0.522284663	0.890960138
0.523726899	0.891648117
0.525167769	0.892332465
0.526607255	0.893013197
0.528045339	0.893690323
0.529482005	0.894363856
0.530917235	0.895033808
0.532351014	0.895700192
0.533783322	0.896363019
0.535214145	0.897022303
0.536643466	0.897678055
0.538071267	0.898330288
0.539497532	0.898979014
0.540922245	0.899624246
0.542582529	0.900372662
0.544003824	0.901010365
0.545423515	0.901644613
0.546841587	0.902275419
0.548258025	0.902902795
0.549672811	0.903526754
0.551085931	0.904147307
0.552732545	0.904867044
0.554142001	0.905480263
0.555549741	0.906090117
0.556955751	0.906696619
0.558593988	0.907400027
0.559996196	0.907999308
0.561396626	0.908595277
0.562795262	0.909187945
0.564424819	0.909875280
0.565819520	0.910460842
0.567212381	0.911043145
0.568835141	0.911718435
0.570223968	0.912293718
0.571610910	0.912865781
0.573226706	0.913529176
0.574609517	0.914094306
0.575990398	0.914656257
0.577599068	0.915307905
0.578975722	0.915863010
0.580579423	0.916506705
0.581951788	0.917055024
0.583322151	0.917600232
0.584918458	0.918232430
0.586284440	0.918770938
0.587875600	0.919395355
0.589237140	0.919927224
0.590823082	0.920543930
0.592180120	0.921069219
0.593760775	0.921678282
0.595338554	0.922283259
0.596688551	0.922798541
0.598260939	0.923395982
0.599606287	0.923904836
0.601173217	0.924494811
0.602737182	0.925080794
0.604075267	0.925579873
0.605633675	0.926158496
0.607189064	0.926733185
0.608519757	0.927222629
0.610069493	0.927790064
0.611616159	0.928353621
0.613159738	0.928913320
0.614480255	0.929389979
0.616018055	0.929942567
0.617552718	0.930491354
0.619084229	0.931036361
0.620612569	0.931577606
0.621919961	0.932038524
0.623659703	0.932648901
0.624961594	0.933103453
0.626477557	0.933630375
0.627990273	0.934153632
0.629499725	0.934673243
0.631005899	0.935189227
0.632508780	0.935701605
0.634008353	0.936210395
0.635504602	0.936715617
0.636997514	0.937217291
0.638487074	0.937715435
0.639973267	0.938210070
0.641667738	0.938771128
0.642935527	0.939188896
0.644622222	0.939742044
0.645884156	0.940153913
0.647563015	0.940699240
0.649028231	0.941172736
0.650489986	0.941642859
0.652156409	0.942176070
0.653403085	0.942573072
0.655061522	0.943098684
0.656715371	0.943619993
0.657952584	0.944008120
0.659598360	0.944521965
0.661239499	0.945031584
0.662467151	0.945410996
0.664100136	0.945913286
0.665728439	0.946411425
0.667149264	0.946843888
0.668768745	0.947334321
0.670181827	0.947760083
0.671792432	0.948242905
0.673197726	0.948662049
0.674799403	0.949137356
0.676196862	0.949549967
0.677789561	0.950017854
0.679377452	0.950481822
0.680762817	0.950884576
0.682341656	0.951341269
0.683915649	0.951794119
0.685288824	0.952187209
0.686853697	0.952632927
0.688413689	0.953074879
0.689968788	0.953513092
0.691518983	0.953947590
0.692871289	0.954324727
0.694412258	0.954752333
0.695948291	0.955176298
0.697479379	0.955596651
0.699005510	0.956013415
0.700526676	0.956426616
0.702042866	0.956836280
0.703554072	0.957242432
0.705060285	0.957645097
0.706561496	0.958044301
0.708057697	0.958440067
0.709548880	0.958832422
0.711035037	0.959221389
0.712701047	0.959654984
0.714176498	0.960036834
0.715646901	0.960415374
0.717295161	0.960837328
0.718754813	0.961208912
0.720209396	0.961577260
0.721839836	0.961987838
0.723283629	0.962349390
0.724901915	0.962752382
0.726334893	0.963107243
0.728119166	0.963546500
0.729540670	0.963894393
0.730957068	0.964239226
0.732544503	0.964623559
0.733950037	0.964961968
0.735699969	0.965380831
0.737093982	0.965712548
0.738829503	0.966123117
0.740211981	0.966448257
0.741761230	0.966810613
0.743303983	0.967169345
0.744840236	0.967524487
0.746369988	0.967876068
0.747893235	0.968224120
0.749578206	0.968606765
0.750920235	0.968909762
0.752590746	0.969284738
0.753921207	0.969581654
0.755577256	0.969949094
0.757225271	0.970312404
0.758537738	0.970600070
0.760171294	0.970956049
0.761796819	0.971308011
0.763252839	0.971621356
0.764863114	0.971965796
0.766465367	0.972306332
0.767741241	0.972575945
0.769329064	0.972909555
0.770908878	0.973239371
0.772480687	0.973565430
0.774044497	0.973887771
0.775600314	0.974206430
0.777148144	0.974521446
0.778687995	0.974832855
0.780219875	0.975140693
0.781743790	0.975444997
0.783259751	0.975745803
0.784767765	0.976043147
0.786267842	0.976337063
0.788057689	0.976685332
0.789540339	0.976971833
0.791015084	0.977255019
0.792481935	0.977534924
0.794231967	0.977866568
0.795681493	0.978139374
0.797123165	0.978409007
0.798843028	0.978728464
0.800267462	0.978991233
0.801684083	0.979250933
0.803373940	0.979558607
0.805052589	0.979861964
0.806442750	0.980111473
0.808100918	0.980407057
0.809474050	0.980650164
0.811111827	0.980938156
0.812738521	0.981222081
0.814085490	0.981455588
0.815691941	0.981732192
0.817287392	0.982004876
0.818871875	0.982273689
0.820445420	0.982538683
0.822008059	0.982799906
0.823559825	0.983057408
0.825100751	0.983311236
0.826630872	0.983561439
0.828150220	0.983808064
0.829658832	0.984051158
0.831156742	0.984290767
0.832643987	0.984526937
0.834365885	0.984798216
0.835830146	0.985027089
0.837283859	0.985252666
0.838966781	0.985511760
0.840397770	0.985730342
0.842054285	0.985981393
0.843696668	0.986228208
0.845093056	0.986436418
0.846709367	0.986675542
0.848311731	0.986910616
0.849900213	0.987141705
0.851474881	0.987368871
0.852813490	0.987560486
0.854583098	0.987811689
0.856116728	0.988027453
0.857636817	0.988239537
0.859143435	0.988447999
0.860849085	0.988681908
0.862327071	0.988882801
0.864000183	0.989108207
0.865449867	0.989301788
0.867090819	0.989518980
0.868512533	0.989705499
0.870121710	0.989914758
0.871714097	0.990119898
0.873289806	0.990320995
0.874848949	0.990518123
0.876391639	0.990711358
0.877917989	0.990900770
0.879428113	0.991086432
0.880922124	0.991268413
0.882400138	0.991446782
0.884225777	0.991664821
0.885668214	0.991835309
0.887095028	0.992002401
0.888857183	0.992206638
0.890249269	0.992366323
0.891968373	0.992561494
0.893326323	0.992714082
0.895003118	0.992900571
0.896656726	0.993082396
0.898287378	0.993259667
0.899575212	0.993398246
0.901165128	0.993567595
0.902732732	0.993732690
0.904278256	0.993893632
0.905801929	0.994050522
0.907602255	0.994233622
0.909078660	0.994381937
0.910533951	0.994526504
0.912253168	0.994695207
0.913662807	0.994831847
0.915327891	0.994991289
0.916964002	0.995145888
0.918571533	0.995295784
0.920150873	0.995441116
0.921702410	0.995582019
0.923226533	0.995718622
0.924723626	0.995851053
0.926194072	0.995979436
0.927876828	0.996124292
0.929290834	0.996244308
0.930908762	0.996379715
0.932492626	0.996510285
0.934043014	0.996636184
0.935775064	0.996774593
0.937255668	0.996891025
0.938909452	0.997019016
0.940322898	0.997126676
0.941901388	0.997245016
0.943440910	0.997358502
0.944942280	0.997467330
0.946767450	0.997597161
0.948185889	0.997696180
0.949739530	0.997802739
0.951414713	0.997915397
0.953037103	0.998022277
0.954608154	0.998123673
0.956129294	0.998219860
0.957601921	0.998311103
0.959307786	0.998414472
0.960678446	0.998495703
0.962265740	0.998587722
0.963791500	0.998674080
0.965497470	0.998768179
0.966897185	0.998843425
0.968680099	0.998936679
0.970162862	0.999011992
0.971774821	0.999091525
0.973301879	0.999164582
0.974748187	0.999231690
0.976450189	0.999308017
0.978039433	0.999376651
0.979522961	0.999438372
0.981174558	0.999504351
0.982694054	0.999562441
0.984314807	0.999621557
0.985983962	0.999679261
0.987475188	0.999727977
0.989119975	0.999778460
0.990546806	0.999819349
0.992013734	0.999858402
0.993621724	0.999897470
0.995180560	0.999931243
0.996920924	0.999963485
0.998417217	0.999985564
1.000000000	1.000000000