0.000000000	0.000000000
0.000028677	0.001418334
0.000079459	0.003107848
0.000136548	0.004689266
0.000201339	0.006282308
0.000275208	0.007936502
0.000350886	0.009507528
0.000419296	0.010846931
0.000514050	0.012603486
0.000609940	0.014287772
0.000701618	0.015826602
0.000783510	0.017151281
0.000897758	0.018932081
0.000999448	0.020460020
0.001111152	0.022084612
0.001217723	0.023588123
0.001333161	0.025171232
0.001439599	0.026593172
0.001573139	0.028331052
0.001696050	0.029889480
0.001827245	0.031513478
0.001943201	0.032917713
0.002090776	0.034666088
0.002221050	0.036176170
0.002358292	0.037735808
0.002502803	0.039345892
0.002623823	0.040670543
0.002782203	0.042373621
0.002914731	0.043773759
0.003088033	0.045572583
0.003232935	0.047050372
0.003383623	0.048563340
0.003540281	0.050111890
0.003703097	0.051696417
0.003872259	0.053317305
0.004047963	0.054974930
0.004207205	0.056455595
0.004371740	0.057964900
0.004541706	0.059503079
0.004717242	0.061070358
0.004898488	0.062666959
0.005085588	0.064293095
0.005250710	0.065710416
0.005449070	0.067391945
0.005624061	0.068857032
0.005803757	0.070344353
0.006019504	0.072108031
0.006209728	0.073643914
0.006404967	0.075202378
0.006605319	0.076783524
0.006810888	0.078387448
0.006986231	0.079741353
0.007201626	0.081387273
0.007422529	0.083056221
0.007610874	0.084464488
0.007803177	0.085888842
0.008039281	0.087619572
0.008240510	0.089079463
0.008445897	0.090555566
0.008697968	0.092348557
0.008912724	0.093860444
0.009131841	0.095388645
0.009355384	0.096933184
0.009583418	0.098494087
0.009816008	0.100071374
0.010053221	0.101665066
0.010246340	0.102951684
0.010492040	0.104574943
0.010742549	0.106214647
0.010997934	0.107870805
0.011205773	0.109207421
0.011470106	0.110893214
0.011685191	0.112253540
0.011958694	0.113968977
0.012181203	0.115353014
0.012464098	0.117098088
0.012694211	0.118505826
0.012957213	0.120102211
0.013194672	0.121532311
0.013466032	0.123153840
0.013711000	0.124606273
0.013990900	0.126252906
0.014243541	0.127727631
0.014499850	0.129212829
0.014792645	0.130896283
0.015056868	0.132403695
0.015324874	0.133921538
0.015596698	0.135449797
0.015872378	0.136988454
0.016151950	0.138537493
0.016435451	0.140096894
0.016722920	0.141666637
0.017014391	0.143246701
0.017309904	0.144837064
0.017571805	0.146236977
0.017874995	0.147846587
0.018182332	0.149466427
0.018454667	0.150892071
0.018769883	0.152531020
0.019049168	0.153973340
0.019372393	0.155631299
0.019617618	0.156881241
0.019948437	0.158556846
0.020241486	0.160031147
0.020580569	0.161725549
0.020837775	0.163002744
0.021184689	0.164714584
0.021491933	0.166220486
0.021802667	0.167733953
0.022116917	0.169254962
0.022434708	0.170783485
0.022756065	0.172319497
0.023081012	0.173862970
0.023409576	0.175413876
0.023694081	0.176749038
0.024077657	0.178537903
0.024368464	0.179885688
0.024711209	0.181464996
0.025057690	0.183051595
0.025357649	0.184417232
0.025711137	0.186017288
0.026068432	0.187624543
0.026377716	0.189007812
0.026742149	0.190628352
0.027057586	0.192022957
0.027429241	0.193656664
0.027750905	0.195062504
0.028129867	0.196709258
0.028457830	0.198126228
0.028844183	0.199785905
0.029178516	0.201213897
0.029515814	0.202646939
0.029913120	0.204325274
0.030256894	0.205769175
0.030603680	0.207218049
0.031012117	0.208914759
0.031365482	0.210374324
0.031721908	0.211838782
0.032081409	0.213308109
0.032444000	0.214782278
0.032809697	0.216261263
0.033240313	0.217992903
0.033612788	0.219482232
0.033988414	0.220976292
0.034367207	0.222475056
0.034749181	0.223978496
0.035134351	0.225486584
0.035522731	0.226999292
0.035914335	0.228516592
0.036309178	0.230038455
0.036707274	0.231564852
0.037108638	0.233095754
0.037513283	0.234631132
0.037921223	0.236170955
0.038263681	0.237457437
0.038677700	0.239005334
0.039095054	0.240557590
0.039515758	0.242114177
0.039939824	0.243675063
0.040295769	0.244978983
0.040726036	0.246547669
0.041159705	0.248120566
0.041596788	0.249697641
0.041963620	0.251014959
0.042406999	0.252599613
0.042853830	0.254188354
0.043228814	0.255515323
0.043682009	0.257111473
0.044062314	0.258444570
0.044521917	0.260048019
0.044985033	0.261655401
0.045373633	0.262997786
0.045843224	0.264612294
0.046237236	0.265960568
0.046713344	0.267582087
0.047112804	0.268936156
0.047595470	0.270564570
0.048000412	0.271924337
0.048489677	0.273559531
0.048900136	0.274924899
0.049396042	0.276566755
0.049812050	0.277937625
0.050314637	0.279586025
0.050736228	0.280962297
0.051160368	0.282340993
0.051672741	0.283998697
0.052102511	0.285382650
0.052534851	0.286768958
0.053057092	0.288435711
0.053495108	0.289827129
0.053935715	0.291220835
0.054467903	0.292896377
0.054914231	0.294295044
0.055363169	0.295695931
0.055905382	0.297379999
0.056360084	0.298785695
0.056817417	0.300193543
0.057277385	0.301603520
0.057832869	0.303298377
0.058298657	0.304712963
0.058767101	0.306129608
0.059238204	0.307548292
0.059711974	0.308968991
0.060284060	0.310676565
0.060763715	0.312101621
0.061246054	0.313528623
0.061731083	0.314957547
0.062218806	0.316388372
0.062709229	0.317821074
0.063301345	0.319542870
0.063797728	0.320979626
0.064296826	0.322418187
0.064798647	0.323858533
0.065303195	0.325300639
0.065810474	0.326744483
0.066320489	0.328190044
0.066833246	0.329637297
0.067348749	0.331086220
0.067867003	0.332536790
0.068388012	0.333988984
0.068911781	0.335442781
0.069438315	0.336898155
0.069967617	0.338355085
0.070499692	0.339813548
0.071034545	0.341273520
0.071572179	0.342734979
0.072112599	0.344197901
0.072655809	0.345662263
0.073201812	0.347128042
0.073750613	0.348595215
0.074302216	0.350063759
0.074856624	0.351533650
0.075413841	0.353004865
0.075973871	0.354477382
0.076536717	0.355951175
0.077102382	0.357426223
0.077670871	0.358902502
0.078242187	0.360379988
0.078816332	0.361858659
0.079393311	0.363338490
0.079973125	0.364819459
0.080438993	0.366004965
0.081023920	0.367487921
0.081611692	0.368971950
0.082202312	0.370457027
0.082795781	0.371943129
0.083392104	0.373430233
0.083991282	0.374918314
0.084472653	0.376109395
0.085076978	0.377599177
0.085684165	0.379089872
0.086294217	0.380581456
0.086907136	0.382073905
0.087522925	0.383567196
0.088017593	0.384762346
0.088638552	0.386257093
0.089262386	0.387752616
0.089889097	0.389248892
0.090518687	0.390745897
0.091024401	0.391943938
0.091659177	0.393442196
0.092296837	0.394941119
0.092937382	0.396440682
0.093580813	0.397940861
0.094097605	0.399141360
0.094746235	0.400642590
0.095397756	0.402144373
0.096052167	0.403646683
0.096577747	0.404848822
0.097237366	0.406352024
0.097899878	0.407855689
0.098498597	0.409209322
0.099166610	0.410713802
0.099703074	0.411917598
0.100376301	0.413422772
0.101052426	0.414928301
0.101731448	0.416434159
0.102276720	0.417638995
0.102960959	0.419145390
0.103648097	0.420652051
0.104199861	0.421857481
0.104892218	0.423364562
0.105587473	0.424871844
0.106215662	0.426228509
0.106916424	0.427736110
0.107479087	0.428942216
0.108185067	0.430450043
0.108893944	0.431957963
0.109463098	0.433164278
0.110177190	0.434672309
0.110894179	0.436180370
0.111469820	0.437386751
0.112192020	0.438894809
0.112917115	0.440402833
0.113499238	0.441609138
0.114229540	0.443117045
0.114962733	0.444624854
0.115551333	0.445830943
0.116289728	0.447338522
0.117031011	0.448845941
0.117626079	0.450051672
0.118372557	0.451558748
0.118971779	0.452764175
0.119723446	0.454270835
0.120477995	0.455777233
0.121083670	0.456982075
0.121843399	0.458487946
0.122529594	0.459842912
0.123294785	0.461348149
0.123908969	0.462552003
0.124679329	0.464056567
0.125375083	0.465410288
0.126150890	0.466914065
0.126773559	0.468116693
0.127554518	0.469619651
0.128181305	0.470821597
0.128967409	0.472323667
0.129756366	0.473825214
0.130389547	0.475025987
0.131183635	0.476526538
0.131820916	0.477726487
0.132620125	0.479225973
0.133341820	0.480574939
0.134146423	0.482073226
0.134792108	0.483271307
0.135601812	0.484768389
0.136251572	0.485965478
0.137066365	0.487461286
0.137802069	0.488806843
0.138540057	0.490151788
0.139362744	0.491645481
0.140022878	0.492839792
0.140850623	0.494332039
0.141514799	0.495525167
0.142347591	0.497015904
0.143015798	0.498207796
0.143853623	0.499696955
0.144694239	0.501185209
0.145368696	0.502375075
0.146214323	0.503861651
0.146892784	0.505050147
0.147743409	0.506534979
0.148425862	0.507722055
0.149281470	0.509205078
0.149967903	0.510390681
0.150828478	0.511871832
0.151691806	0.513351916
0.152384405	0.514535128
0.153252676	0.516013241
0.153949222	0.517194852
0.154822419	0.518670931
0.155522899	0.519850890
0.156401006	0.521324874
0.157105406	0.522503132
0.157988405	0.523974958
0.158785396	0.525298514
0.159584578	0.526621065
0.160385947	0.527942595
0.161278944	0.529409795
0.161995235	0.530582552
0.162893068	0.532047409
0.163613219	0.533218268
0.164515868	0.534680722
0.165239864	0.535849636
0.166147310	0.537309628
0.166875136	0.538476549
0.167787359	0.539934020
0.168518997	0.541098901
0.169435976	0.542553795
0.170263483	0.543861913
0.171093118	0.545168838
0.172017453	0.546619606
0.172758759	0.547779065
0.173687795	0.549227108
0.174432853	0.550384365
0.175366568	0.551829627
0.176115360	0.552984638
0.177053731	0.554427063
0.177806239	0.555579782
0.178749244	0.557019316
0.179505448	0.558169699
0.180453063	0.559606287
0.181212945	0.560754292
0.182165146	0.562187879
0.183024270	0.563476623
0.183885444	0.564763987
0.184844729	0.566192800
0.185613923	0.567334533
0.186577732	0.568760211
0.187350533	0.569899414
0.188318839	0.571321904
0.189095228	0.572458536
0.190068005	0.573877787
0.190847961	0.575011808
0.191825184	0.576427769
0.192608684	0.577559138
0.193590326	0.578971759
0.194475865	0.580241474
0.195363377	0.581509658
0.196351838	0.582916984
0.197144301	0.584041395
0.198137111	0.585445256
0.198933041	0.586566875
0.199930172	0.587967221
0.200729547	0.589086010
0.201730970	0.590482795
0.202533767	0.591598716
0.203539453	0.592991892
0.204345649	0.594104908
0.205355569	0.595494429
0.206266470	0.596743207
0.207280827	0.598128820
0.208093935	0.599235749
0.209112465	0.600617614
0.209928900	0.601721526
0.210951572	0.603099598
0.211771308	0.604200459
0.212798092	0.605574694
0.213621105	0.606672468
0.214651970	0.608042823
0.215581647	0.609274247
0.216616785	0.610640461
0.217446454	0.611731783
0.218485608	0.613094029
0.219318477	0.614182160
0.220361614	0.615540398
0.221197657	0.616625307
0.222244745	0.617979495
0.223188961	0.619196290
0.224240184	0.620546161
0.225082667	0.621624343
0.226137773	0.622970082
0.226983350	0.624044944
0.228042306	0.625386513
0.228890948	0.626458024
0.229953719	0.627795384
0.231018596	0.629130390
0.231871953	0.630196627
0.232940592	0.631527366
0.233796945	0.632590175
0.234869312	0.633916611
0.235836170	0.635108309
0.236912433	0.636430163
0.237774857	0.637485834
0.238854776	0.638803310
0.239720110	0.639855466
0.240803648	0.641168531
0.241780510	0.642348144
0.242867831	0.643656514
0.243739056	0.644701357
0.244829923	0.646005246
0.245703970	0.647046490
0.246798346	0.648345864
0.247894655	0.649642715
0.248773034	0.650678310
0.249872796	0.651970597
0.250753921	0.653002528
0.251857097	0.654290218
0.252962155	0.655575342
0.253847493	0.656601523
0.254955907	0.657882003
0.255843915	0.658904458
0.256955648	0.660180264
0.258069208	0.661453461
0.258961309	0.662470072
0.260078128	0.663738550
0.261196741	0.665004394
0.262092861	0.666015106
0.263214673	0.667276187
0.264113336	0.668283078
0.265238309	0.669539370
0.266365021	0.670792989
0.267267579	0.671793893
0.268397390	0.673042681
0.269528907	0.674288774
0.270435284	0.675283641
0.271569838	0.676524863
0.272706063	0.677763368
0.273616182	0.678752150
0.274755383	0.679985745
0.275896221	0.681216602
0.276810004	0.682199252
0.277953755	0.683425163
0.278984469	0.684526091
0.280131252	0.685746756
0.281049758	0.686721233
0.282199371	0.687936905
0.283350539	0.689149793
0.284272527	0.690118036
0.285426462	0.691325898
0.286581916	0.692530958
0.287507308	0.693492925
0.288665465	0.694692926
0.289825105	0.695890108
0.290870008	0.696965123
0.292032432	0.698156932
0.292963357	0.699108278
0.294128376	0.700294977
0.295294818	0.701478829
0.296345790	0.702541824
0.297514901	0.703720252
0.298451131	0.704660875
0.299622727	0.705834146
0.300795686	0.707004544
0.301969993	0.708172064
0.302910345	0.709103949
0.304087049	0.710266277
0.305265065	0.711425714
0.306326359	0.712466700
0.307506833	0.713620630
0.308570318	0.714656652
0.309753203	0.715805059
0.310700354	0.716721631
0.311885478	0.717864791
0.313071828	0.719005029
0.314259391	0.720142342
0.315210247	0.721050028
0.316399959	0.722182065
0.317590846	0.723311166
0.318782895	0.724437327
0.319976093	0.725560543
0.320931411	0.726456939
0.322126642	0.727574847
0.323322985	0.728689801
0.324520425	0.729801798
0.325479100	0.730689210
0.326678483	0.731795875
0.327878926	0.732899575
0.329080415	0.734000305
0.330282938	0.735098062
0.331245633	0.735974073
0.332449982	0.737066474
0.333655326	0.738155894
0.334861653	0.739242332
0.336068948	0.740325785
0.337156297	0.741298309
0.338365395	0.742376084
0.339575423	0.743450867
0.340665198	0.744415582
0.341876954	0.745484674
0.343089600	0.746550769
0.344303122	0.747613863
0.345274503	0.748462126
0.346489569	0.749519816
0.347705474	0.750574501
0.348922203	0.751626180
0.350139744	0.752674850
0.351358083	0.753720512
0.352577206	0.754763162
0.353553001	0.755595063
0.354773501	0.756632291
0.355994747	0.757666504
0.357216727	0.758697703
0.358439425	0.759725885
0.359662828	0.760751050
0.360886924	0.761773197
0.362111697	0.762792325
0.363337135	0.763808434
0.364563225	0.764821523
0.365544496	0.765629770
0.366771722	0.766637422
0.367999562	0.767642052
0.369228002	0.768643662
0.370457027	0.769642249
0.371686625	0.770637815
0.372916781	0.771630359
0.374147482	0.772619881
0.375378716	0.773606381
0.376610467	0.774589860
0.377842723	0.775570317
0.379075470	0.776547753
0.380308694	0.777522168
0.381542383	0.778493564
0.382776522	0.779461939
0.384011098	0.780427295
0.385246097	0.781389633
0.386481507	0.782348953
0.387717313	0.783305256
0.388953503	0.784258543
0.390190062	0.785208815
0.391426977	0.786156073
0.392664236	0.787100318
0.393901824	0.788041551
0.395139727	0.788979773
0.396377934	0.789914986
0.397616430	0.790847191
0.398855202	0.791776389
0.400094237	0.792702583
0.401333521	0.793625772
0.402573041	0.794545960
0.403812783	0.795463147
0.405052736	0.796377336
0.406292884	0.797288528
0.407533215	0.798196725
0.409021927	0.799282678
0.410262615	0.800184293
0.411503443	0.801082919
0.412744399	0.801978560
0.413985469	0.802871216
0.415226641	0.803760890
0.416467901	0.804647585
0.417709236	0.805531302
0.418950634	0.806412044
0.420440465	0.807465076
0.421681953	0.808339283
0.422923461	0.809210523
0.424164978	0.810078799
0.425406488	0.810944113
0.426647980	0.811806469
0.428137820	0.812837458
0.429379226	0.813693315
0.430620573	0.814546223
0.431861848	0.815396185
0.433103037	0.816243204
0.434592425	0.817255807
0.435833382	0.818096362
0.437074214	0.818933984
0.438314906	0.819768676
0.439555448	0.820600441
0.441043971	0.821594763
0.442284136	0.822420102
0.443524108	0.823242526
0.444763877	0.824062038
0.446251403	0.825041675
0.447490679	0.825854794
0.448729710	0.826665013
0.450216299	0.827633511
0.451454750	0.828437363
0.452692918	0.829238327
0.453930789	0.830036407
0.455415918	0.830990360
0.456653095	0.831782109
0.457889937	0.832570987
0.459373778	0.833513914
0.460609840	0.834296490
0.461845527	0.835076207
0.463327932	0.836008159
0.464562754	0.836781604
0.466044086	0.837706041
0.467277984	0.838473234
0.468511444	0.839237593
0.469991090	0.840151144
0.471223542	0.840909283
0.472455518	0.841664601
0.473933333	0.842567323
0.475164218	0.843316453
0.476640690	0.844211762
0.477870428	0.844954727
0.479345490	0.845842650
0.480574024	0.846579473
0.482047608	0.847460039
0.483274884	0.848190743
0.484501568	0.848918673
0.485972884	0.849788588
0.487198229	0.850510434
0.488667903	0.851373063
0.489891853	0.852088849
0.491359822	0.852944221
0.492582323	0.853653972
0.494048519	0.854502116
0.495513723	0.855346330
0.496733878	0.856046804
0.498197210	0.856883838
0.499415780	0.857578342
0.500877177	0.858408226
0.502094108	0.859096786
0.503553507	0.859919552
0.505011790	0.860738450
0.506226085	0.861417874
0.507682273	0.862229702
0.508894797	0.862903250
0.510348828	0.863708042
0.511801657	0.864509010
0.513011342	0.865173528
0.514461919	0.865967510
0.515911243	0.866757696
0.517117969	0.867413251
0.518564948	0.868196502
0.520010624	0.868975985
0.521454977	0.869751710
0.522657510	0.870395244
0.524099394	0.871164105
0.525539908	0.871929237
0.526739203	0.872563967
0.528177158	0.873322289
0.529613693	0.874076910
0.531048791	0.874827842
0.532482435	0.875575095
0.533675943	0.876194964
0.535106878	0.876935499
0.536536311	0.877672384
0.537964227	0.878405630
0.539390608	0.879135248
0.540815438	0.879861249
0.542001528	0.880463457
0.543423473	0.881182853
0.544843821	0.881898662
0.546262557	0.882610895
0.547679664	0.883319563
0.549095127	0.884024676
0.550508929	0.884726246
0.551921056	0.885424283
0.553331492	0.886118798
0.554740221	0.886809803
0.556147228	0.887497309
0.557552498	0.888181326
0.558956016	0.888861865
0.560357767	0.889538939
0.561757735	0.890212557
0.563155906	0.890882732
0.564552266	0.891549474
0.565946800	0.892212795
0.567339493	0.892872706
0.568730330	0.893529218
0.570119298	0.894182342
0.571506383	0.894832091
0.572891570	0.895478475
0.574274845	0.896121505
0.575656194	0.896761194
0.577265415	0.897503334
0.578642545	0.898135820
0.580017706	0.898765001
0.581390885	0.899390888
0.582762068	0.900013492
0.584359339	0.900735774
0.585726152	0.901351304
0.587090928	0.901963589
0.588453654	0.902572639
0.590040989	0.903279167
0.591399229	0.903881248
0.592755378	0.904480131
0.594334989	0.905174844
0.595686566	0.905766838
0.597036013	0.906355670
0.598607755	0.907038703
0.599952546	0.907620726
0.601295169	0.908199625
0.602858902	0.908871114
0.604196787	0.909443283
0.605754960	0.910106953
0.607088053	0.910672448
0.608640603	0.911328362
0.609968850	0.911887237
0.611515717	0.912535459
0.612839066	0.913087769
0.614380187	0.913728364
0.615698586	0.914274164
0.617233903	0.914907196
0.618547303	0.915446540
0.620076758	0.916072073
0.621603032	0.916693593
0.622908644	0.917223114
0.624428969	0.917837234
0.625946068	0.918447395
0.627243780	0.918967222
0.628754845	0.919570082
0.630262640	0.920169035
0.631767149	0.920764101
0.633054023	0.921271048
0.634552389	0.921858945
0.636047428	0.922443008
0.637539123	0.923023255
0.638814970	0.923517557
0.640512455	0.924172386
0.641782512	0.924660224
0.643261182	0.925225927
0.644736442	0.925787904
0.646208277	0.926346173
0.647676676	0.926900753
0.649141625	0.927451662
0.650603111	0.927998919
0.652061121	0.928542541
0.653515644	0.929082548
0.654966667	0.929618957
0.656414178	0.930151786
0.658064261	0.930756411
0.659298641	0.931206788
0.660940627	0.931803338
0.662373463	0.932321532
0.663802728	0.932836240
0.665228410	0.933347479
0.666853461	0.933927565
0.668069011	0.934359636
0.669685811	0.934931900
0.671096540	0.935428964
0.672704448	0.935992940
0.674107375	0.936482792
0.675506645	0.936969307
0.677101419	0.937521294
0.678492822	0.938000717
0.680078581	0.938544646
0.681462075	0.939017059
0.683038772	0.939553021
0.684414317	0.940018504
0.685981907	0.940546593
0.687349466	0.941005227
0.688907906	0.941525534
0.690461449	0.942041728
0.691816691	0.942490016
0.693361023	0.942998568
0.694900426	0.943503080
0.696243271	0.943941210
0.697773406	0.944438219
0.699298582	0.944931263
0.700818792	0.945420368
0.702144811	0.945845097
0.703655682	0.946326884
0.705161558	0.946804804
0.706662432	0.947278882
0.708158295	0.947749144
0.709649139	0.948215613
0.711134957	0.948678317
0.712615741	0.949137278
0.714091483	0.949592522
0.715562177	0.950044074
0.717027816	0.950491958
0.718488394	0.950936198
0.719943904	0.951376819
0.721394341	0.951813845
0.723020110	0.952301263
0.724459747	0.952730730
0.725894293	0.953156678
0.727502165	0.953631721
0.728925879	0.954050268
0.730521552	0.954517046
0.731934413	0.954928300
0.733517866	0.955386933
0.734919858	0.955791000
0.736491074	0.956241606
0.737882181	0.956638592
0.739614067	0.957130251
0.740993636	0.957519852
0.742368073	0.957906208
0.744079109	0.958384683
0.745441993	0.958763821
0.747138580	0.959233343
0.748489903	0.959605377
0.750172033	0.960066088
0.751511790	0.960431131
0.753179460	0.960883172
0.754507649	0.961241335
0.756160857	0.961684845
0.757477478	0.962036239
0.759116226	0.962471355
0.760584143	0.962858999
0.762207633	0.963285402
0.763500487	0.963623224
0.765109531	0.964041512
0.766710553	0.964455349
0.767985442	0.964783200
0.769572037	0.965189127
0.771150622	0.965590716
0.772721203	0.965988007
0.774283785	0.966381040
0.775838376	0.966769854
0.777076148	0.967077857
0.778616371	0.967459177
0.780148622	0.967836388
0.781672909	0.968209528
0.783189240	0.968578635
0.784697624	0.968943748
0.786198071	0.969304905
0.787690591	0.969662142
0.789471380	0.970085757
0.790946493	0.970434503
0.792413713	0.970779447
0.793873050	0.971120627
0.795324516	0.971458079
0.797056115	0.971858199
0.798490309	0.972187574
0.799916673	0.972513334
0.801618201	0.972899572
0.803027386	0.973217504
0.804428786	0.973531932
0.806100413	0.973904716
0.807484736	0.974211557
0.809135912	0.974575334
0.810775972	0.974934279
0.812134050	0.975229715
0.813753803	0.975579951
0.815362520	0.975925517
0.816694546	0.976209926
0.818283110	0.976547074
0.819860724	0.976879707
0.821427420	0.977207881
0.822983232	0.977531649
0.824528191	0.977851063
0.826062331	0.978166178
0.827585687	0.978477045
0.829098293	0.978783715
0.830600184	0.979086240
0.832091396	0.979384670
0.833571966	0.979679057
0.835041930	0.979969448
0.836743741	0.980303296
0.838190853	0.980585200
0.839627480	0.980863263
0.841290546	0.981182919
0.842704586	0.981452824
0.844341406	0.981763087
0.845733047	0.982025051
0.847573041	0.982368840
0.848940771	0.982622491
0.850523789	0.982914048
0.852093020	0.983200926
0.853426989	0.983443120
0.855190441	0.983760931
0.856501060	0.983995390
0.858233528	0.984303036
0.859734843	0.984567538
0.861222786	0.984827762
0.862907213	0.985120039
0.864366737	0.985371310
0.866018871	0.985653519
0.867450310	0.985896122
0.869070534	0.986168584
0.870673895	0.986435975
0.872062923	0.986665824
0.873634971	0.986923945
0.875190477	0.987177243
0.876729554	0.987425804
0.878252317	0.987669710
0.879758879	0.987909042
0.881249353	0.988143881
0.882907252	0.988402833
0.884363922	0.988628383
0.885984079	0.988877080
0.887407465	0.989093686
0.889165370	0.989358762
0.890554086	0.989566262
0.892269013	0.989820179
0.893623651	0.990018932
0.895296340	0.990262134
0.896945884	0.990499567
0.898248692	0.990685403
0.899857159	0.990912780
0.901443124	0.991134744
0.903006818	0.991351417
0.904548473	0.991562921
0.906068317	0.991769370
0.907566582	0.991970882
0.909336768	0.992206391
0.910788360	0.992397429
0.912503190	0.992620683
0.913909218	0.992801766
0.915570022	0.993013374
0.916931590	0.993185001
0.918539688	0.993385544
0.920119587	0.993580287
0.921671677	0.993769392
0.923196343	0.993953014
0.924693973	0.994131306
0.926407960	0.994332826
0.927848311	0.994500076
0.929496497	0.994689100
0.931110101	0.994871707
0.932465787	0.995023245
0.934236038	0.995218521
0.935749431	0.995383117
0.937439986	0.995564410
0.938884981	0.995717205
0.940498839	0.995885486
0.942072993	0.996047203
0.943608270	0.996202605
0.945105483	0.996351932
0.946565440	0.996495416
0.948340059	0.996666976
0.949719055	0.996798114
0.951394882	0.996954899
0.953017899	0.997104019
0.954589559	0.997245844
0.956111290	0.997380722
0.957584493	0.997508990
0.959291027	0.997654702
0.960662227	0.997769524
0.962250148	0.997899951
0.963776514	0.998022718
0.965483164	0.998156920
0.966883440	0.998264579
0.968667070	0.998398462
0.970150431	0.998506987
0.971763044	0.998622009
0.973290723	0.998728077
0.974737622	0.998825887
0.976440322	0.998937612
0.978030222	0.999038561
0.979514363	0.999129773
0.981166647	0.999227786
0.982686777	0.999314567
0.984308209	0.999403418
0.985978066	0.999490749
0.987469921	0.999565022
0.989115405	0.999642618
0.990542843	0.999706035
0.992010396	0.999767195
0.993619072	0.999829126
0.995178573	0.999883489
0.996919677	0.999936492
0.998416599	0.999973932
1.000000000	1.000000000